[0.007434056140482426]
[0.33436787128448486]
[0.5892753601074219]
[0.9538087844848633]
[0.9893538951873779]
[0.9089504480361938]
[0.9907354116439819]
[0.9918069243431091]
[0.9859008193016052]
[0.9892100691795349]
[0.9914177656173706]
[0.9917762279510498]
[0.9918953776359558]
[0.9932166934013367]
[0.9907965660095215]
[0.9776408076286316]
[0.9553267955780029]
[0.9598619341850281]
[0.05845070630311966]
[0.005247919354587793]
[0.006687939167022705]
[0.007883845828473568]
[0.9877276420593262]
[0.9385052919387817]
[0.9346288442611694]
[0.9922999143600464]
[0.9910722374916077]
[0.9918296933174133]
[0.9875062704086304]
[0.9873916506767273]
[0.9873800277709961]
[0.9916666150093079]
[0.9527173638343811]
[0.9873785376548767]
[0.992043673992157]
[0.9917469024658203]
[0.9730263352394104]
[0.9735663533210754]
[0.9893732666969299]
[0.9919881820678711]
[0.9904071688652039]
[0.9898183941841125]
[0.9876306653022766]
[0.9901476502418518]
[0.984772264957428]
[0.9904395341873169]
[0.9913702011108398]
[0.023875083774328232]
[0.004742608405649662]
[0.015365218743681908]
[0.7839680910110474]
[0.9862359166145325]
[0.9853218793869019]
[0.980765163898468]
[0.004768924321979284]
[0.04962819814682007]
[0.006494783330708742]
[0.045211464166641235]
[0.017541207373142242]
[0.005275967996567488]
[0.0046964059583842754]
[0.958996057510376]
[0.08433397114276886]
[0.005309182684868574]
[0.01700555346906185]
[0.8166444897651672]
[0.9914104342460632]
[0.9923025369644165]
[0.01338270865380764]
[0.9891542792320251]
[0.04055201634764671]
[0.14801880717277527]
[0.043391454964876175]
[0.988195538520813]
[0.03590840473771095]
[0.013311906717717648]
[0.08259180188179016]
[0.9924922585487366]
[0.9919666647911072]
[0.011527899652719498]
[0.9938361048698425]
[0.9940013289451599]
[0.9942840933799744]
[0.9941149950027466]
[0.9924706220626831]
[0.9938648343086243]
[0.9935010075569153]
[0.9929203391075134]
[0.993287980556488]
[0.9938105940818787]
[0.994242250919342]
[0.022829139605164528]
[0.026486476883292198]
[0.012118657119572163]
[0.011818699538707733]
[0.43792128562927246]
[0.6432653069496155]
[0.9934750199317932]
[0.9926890730857849]
[0.9934939742088318]
[0.9934030175209045]
[0.9877312779426575]
[0.9893843531608582]
[0.9916184544563293]
[0.01643344946205616]
[0.015393060632050037]
[0.009020457975566387]
[0.08904759585857391]
[0.017525240778923035]
[0.9371048212051392]
[0.7964189052581787]
[0.010429483838379383]
[0.8527051210403442]
[0.8383338451385498]
[0.94928377866745]
[0.6044595241546631]
[0.20652596652507782]
[0.027613652870059013]
[0.02327880822122097]
[0.023059435188770294]
[0.015582798980176449]
[0.006433239206671715]
[0.0058270045556128025]
[0.00802971888333559]
[0.017581256106495857]
[0.007565331645309925]
[0.06095528602600098]
[0.009690580889582634]
[0.006330952513962984]
[0.04279739782214165]
[0.006308168638497591]
[0.006435961462557316]
[0.007413540501147509]
[0.0062554324977099895]
[0.00919436290860176]
[0.008344643749296665]
[0.00986827164888382]
[0.009435513988137245]
[0.012957713566720486]
[0.008502466604113579]
[0.03872726857662201]
[0.009642796590924263]
[0.011414540000259876]
[0.0052360715344548225]
[0.005851191934198141]
[0.006218321621417999]
[0.0065488750115036964]
[0.01005054172128439]
[0.015208412893116474]
[0.00632822047919035]
[0.00780923618003726]
[0.050488777458667755]
[0.010522913187742233]
[0.006390540394932032]
[0.005643962882459164]
[0.994326651096344]
[0.9935897588729858]
[0.9940407872200012]
[0.9940152764320374]
[0.9943906664848328]
[0.994172990322113]
[0.9941701889038086]
[0.9934923052787781]
[0.9936909675598145]
[0.9746573567390442]
[0.9907187819480896]
[0.9889799356460571]
[0.9693005681037903]
[0.8675236105918884]
[0.9845414161682129]
[0.9876707792282104]
[0.9923946857452393]
[0.038058802485466]
[0.980486273765564]
[0.9786917567253113]
[0.9868962168693542]
[0.992720901966095]
[0.9925232529640198]
[0.9926360249519348]
[0.024340113624930382]
[0.009915575385093689]
[0.011573025025427341]
[0.9859446287155151]
[0.25483712553977966]
[0.03115585632622242]
[0.993722140789032]
[0.9839051365852356]
[0.011578710749745369]
[0.01689000241458416]
[0.018059220165014267]
[0.5909451246261597]
[0.9938907623291016]
[0.9939216375350952]
[0.9939996004104614]
[0.9935758709907532]
[0.9935662150382996]
[0.9936642646789551]
[0.989966869354248]
[0.9916672110557556]
[0.009846257977187634]
[0.9890117645263672]
[0.9934147596359253]
[0.06829853355884552]
[0.11489876359701157]
[0.9258302450180054]
[0.9924208521842957]
[0.9905836582183838]
[0.9920604228973389]
[0.9865894317626953]
[0.9925777316093445]
[0.9818544387817383]
[0.03123440593481064]
[0.8436923623085022]
[0.8900050520896912]
[0.030548332259058952]
[0.01069058571010828]
[0.7922486662864685]
[0.41977402567863464]
[0.6396617889404297]
[0.10874593257904053]
[0.29846349358558655]
[0.8076444268226624]
[0.9870327711105347]
[0.987898051738739]
[0.9924598336219788]
[0.9924782514572144]
[0.9890446662902832]
[0.9917535781860352]
[0.9926048517227173]
[0.9896760582923889]
[0.9922369122505188]
[0.9885342717170715]
[0.9913719892501831]
[0.9910483956336975]
[0.9902259707450867]
[0.9920143485069275]
[0.9875044226646423]
[0.980071485042572]
[0.9907695651054382]
[0.9793198704719543]
[0.9888747930526733]
[0.9907576441764832]
[0.9756168127059937]
[0.02739786170423031]
[0.944866955280304]
[0.977191686630249]
[0.9877818822860718]
[0.03447883203625679]
[0.4092336893081665]
[0.9194480180740356]
[0.9698163866996765]
[0.2192269265651703]
[0.05474322289228439]
[0.4756721556186676]
[0.9875693917274475]
[0.9932821989059448]
[0.8601559996604919]
[0.9933399558067322]
[0.9920531511306763]
[0.966902494430542]
[0.9883800745010376]
[0.9898508787155151]
[0.9935359954833984]
[0.9802255034446716]
[0.9819408655166626]
[0.9938129186630249]
[0.9912917017936707]
[0.9896137118339539]
[0.9775677919387817]
[0.992956280708313]
[0.9910292625427246]
[0.9848800897598267]
[0.9586300253868103]
[0.9937474727630615]
[0.9906320571899414]
[0.9828205108642578]
[0.9697977304458618]
[0.9917830228805542]
[0.9915837049484253]
[0.9873637557029724]
[0.991462767124176]
[0.9447464942932129]
[0.9231032133102417]
[0.9927073121070862]
[0.9898542761802673]
[0.9927651286125183]
[0.992210865020752]
[0.992071807384491]
[0.9927982091903687]
[0.9905990958213806]
[0.9920694828033447]
[0.9911271929740906]
[0.9824225902557373]
[0.9887107014656067]
[0.9818837642669678]
[0.9913325905799866]
[0.017905432730913162]
[0.8846346139907837]
[0.9904351234436035]
[0.9628876447677612]
[0.7124572396278381]
[0.9912981986999512]
[0.0088818883523345]
[0.6458557844161987]
[0.015391587279736996]
[0.005966594908386469]
[0.007888217456638813]
[0.9873965382575989]
[0.9717232584953308]
[0.2972981631755829]
[0.9919201135635376]
[0.010015186853706837]
[0.16608291864395142]
[0.9815738797187805]
[0.03745600953698158]
[0.985406756401062]
[0.008955529890954494]
[0.008502277545630932]
[0.21672341227531433]
[0.023721745237708092]
[0.9797520637512207]
[0.17102880775928497]
[0.6857330203056335]
[0.032810524106025696]
[0.9342429637908936]
[0.9923204779624939]
[0.9025793075561523]
[0.3209591507911682]
[0.42514747381210327]
[0.02913525328040123]
[0.9801738262176514]
[0.9736828804016113]
[0.012540224939584732]
[0.016552377492189407]
[0.4247224032878876]
[0.012375231832265854]
[0.0392308309674263]
[0.056900545954704285]
[0.9863457083702087]
[0.2107730656862259]
[0.9769105911254883]
[0.9795803427696228]
[0.9869152903556824]
[0.9870551824569702]
[0.9845250248908997]
[0.993061363697052]
[0.992775559425354]
[0.9912661910057068]
[0.9911638498306274]
[0.9912099838256836]
[0.9887645244598389]
[0.9926348328590393]
[0.9937538504600525]
[0.9888866543769836]
[0.9908932447433472]
[0.9893256425857544]
[0.9873592257499695]
[0.9922676682472229]
[0.9936036467552185]
[0.9933991432189941]
[0.9102450609207153]
[0.05113108828663826]
[0.9365912675857544]
[0.9732635021209717]
[0.8593782782554626]
[0.81667160987854]
[0.9851962327957153]
[0.9812029004096985]
[0.9300592541694641]
[0.755165696144104]
[0.9389378428459167]
[0.02161620557308197]
[0.09438925236463547]
[0.01600784622132778]
[0.01992923580110073]
[0.015999391674995422]
[0.03488343209028244]
[0.040793802589178085]
[0.04842684790492058]
[0.018956134095788002]
[0.02241697907447815]
[0.012069961987435818]
[0.01616579107940197]
[0.009280320256948471]
[0.011722841300070286]
[0.011124262586236]
[0.4714762270450592]
[0.027663014829158783]
[0.03520733863115311]
[0.9828807711601257]
[0.9240877628326416]
[0.011109746992588043]
[0.06328374147415161]
[0.9606646299362183]
[0.9227162599563599]
[0.04523365944623947]
[0.021912524476647377]
[0.8945598602294922]
[0.009348471648991108]
[0.010343702509999275]
[0.014177217148244381]
[0.015102225355803967]
[0.9913124442100525]
[0.7700910568237305]
[0.9659441709518433]
[0.7882930636405945]
[0.978675127029419]
[0.9672186374664307]
[0.35033735632896423]
[0.04172927513718605]
[0.9814111590385437]
[0.9787542223930359]
[0.9829368591308594]
[0.9585747122764587]
[0.04509717598557472]
[0.441342294216156]
[0.26206016540527344]
[0.052751608192920685]
[0.7654630541801453]
[0.3694505989551544]
[0.009395984001457691]
[0.8535259366035461]
[0.02841971069574356]
[0.008538023568689823]
[0.023866718634963036]
[0.3092474937438965]
[0.10911747813224792]
[0.014316486194729805]
[0.7303903102874756]
[0.02232343889772892]
[0.016544733196496964]
[0.012822529301047325]
[0.009798610582947731]
[0.010269397869706154]
[0.02631077729165554]
[0.015126707963645458]
[0.032918207347393036]
[0.020708708092570305]
[0.03994456306099892]
[0.018064608797430992]
[0.06332488358020782]
[0.016398325562477112]
[0.06632112711668015]
[0.02175467647612095]
[0.013797784224152565]
[0.013016371987760067]
[0.7748948335647583]
[0.9609528183937073]
[0.021664945408701897]
[0.022886624559760094]
[0.9847138524055481]
[0.9860135912895203]
[0.9781419634819031]
[0.02325325272977352]
[0.011027904227375984]
[0.11358511447906494]
[0.8854671120643616]
[0.9867686629295349]
[0.7716783285140991]
[0.42394164204597473]
[0.7167384624481201]
[0.016540220007300377]
[0.014876293018460274]
[0.12650403380393982]
[0.0508279912173748]
[0.03006165102124214]
[0.9840971231460571]
[0.03912930190563202]
[0.23931770026683807]
[0.6631522178649902]
[0.8324283957481384]
[0.9742963910102844]
[0.9720869660377502]
[0.9712545275688171]
[0.9874839186668396]
[0.9877346158027649]
[0.9837021827697754]
[0.02239299565553665]
[0.9641364216804504]
[0.22081013023853302]
[0.9874946475028992]
[0.8125805854797363]
[0.012594848871231079]
[0.007873368449509144]
[0.009820573031902313]
[0.6519997715950012]
[0.985163152217865]
[0.006544830743223429]
[0.007625719998031855]
[0.014981202781200409]
[0.006253539118915796]
[0.009297908283770084]
[0.018824774771928787]
[0.014697708189487457]
[0.028533732518553734]
[0.008529038168489933]
[0.007899622432887554]
[0.4231192469596863]
[0.6596883535385132]
[0.9780678153038025]
[0.9864637851715088]
[0.03538138419389725]
[0.007745353505015373]
[0.007393493317067623]
[0.9931962490081787]
[0.9928011894226074]
[0.9780877828598022]
[0.9622237682342529]
[0.9909718036651611]
[0.9200847744941711]
[0.9917020201683044]
[0.008899636566638947]
