[0.025732820853590965]
[0.9180845022201538]
[0.9403497576713562]
[0.9298406839370728]
[0.9764335751533508]
[0.9535390138626099]
[0.9805396795272827]
[0.9773538708686829]
[0.9756968021392822]
[0.9800741076469421]
[0.9791166186332703]
[0.9791164994239807]
[0.9789072871208191]
[0.9786691665649414]
[0.9762751460075378]
[0.9574389457702637]
[0.9593913555145264]
[0.979082465171814]
[0.9633931517601013]
[0.030813615769147873]
[0.024075418710708618]
[0.02528688870370388]
[0.9696775674819946]
[0.9716051816940308]
[0.9119751453399658]
[0.9762756824493408]
[0.9729708433151245]
[0.9789935350418091]
[0.9687581062316895]
[0.9766709208488464]
[0.9785079956054688]
[0.9790433645248413]
[0.9698049426078796]
[0.979407787322998]
[0.9790361523628235]
[0.9798493385314941]
[0.9784364104270935]
[0.9732788801193237]
[0.9738116264343262]
[0.9780118465423584]
[0.9808709025382996]
[0.9721212387084961]
[0.9711534380912781]
[0.9801391363143921]
[0.9790574312210083]
[0.9794832468032837]
[0.9674950838088989]
[0.975735068321228]
[0.03158465027809143]
[0.022338762879371643]
[0.022647595033049583]
[0.9788388609886169]
[0.9634376168251038]
[0.9372459650039673]
[0.018954068422317505]
[0.027510343119502068]
[0.031120626255869865]
[0.020998870953917503]
[0.020060963928699493]
[0.03400789201259613]
[0.028495866805315018]
[0.034505695104599]
[0.2911002039909363]
[0.027586081996560097]
[0.028525862842798233]
[0.01567015051841736]
[0.9671335816383362]
[0.9755322933197021]
[0.026632308959960938]
[0.9727271199226379]
[0.07079104334115982]
[0.42545071244239807]
[0.9750188589096069]
[0.975929856300354]
[0.024054190143942833]
[0.021763864904642105]
[0.9761348366737366]
[0.9805746078491211]
[0.9800399541854858]
[0.9597376585006714]
[0.980707049369812]
[0.9784380197525024]
[0.9803314805030823]
[0.9773638248443604]
[0.9781100153923035]
[0.9797446727752686]
[0.9806413650512695]
[0.977053165435791]
[0.9806815981864929]
[0.9795113801956177]
[0.9807189702987671]
[0.23989538848400116]
[0.3808906674385071]
[0.03165756165981293]
[0.03496628254652023]
[0.9513530731201172]
[0.9704815745353699]
[0.9813946485519409]
[0.9807509183883667]
[0.9807758331298828]
[0.9818935394287109]
[0.9792426824569702]
[0.9699000120162964]
[0.9743795394897461]
[0.03950215503573418]
[0.02478405460715294]
[0.03470795974135399]
[0.6388334035873413]
[0.08373051136732101]
[0.9429718852043152]
[0.9258105158805847]
[0.01672809198498726]
[0.9471606612205505]
[0.9722351431846619]
[0.9750068783760071]
[0.47321343421936035]
[0.9622212052345276]
[0.4940871596336365]
[0.5265944004058838]
[0.5766963362693787]
[0.016210345551371574]
[0.020116202533245087]
[0.020078148692846298]
[0.022129934281110764]
[0.01632567308843136]
[0.020961539819836617]
[0.8085141777992249]
[0.02066708542406559]
[0.022024698555469513]
[0.0234258770942688]
[0.02292649634182453]
[0.020109698176383972]
[0.022575166076421738]
[0.021845972165465355]
[0.02127680741250515]
[0.020734529942274094]
[0.017884960398077965]
[0.015931423753499985]
[0.01214398443698883]
[0.019209543243050575]
[0.12768565118312836]
[0.021978845819830894]
[0.02265082485973835]
[0.02186894789338112]
[0.022009173408150673]
[0.024202726781368256]
[0.02097276598215103]
[0.01596834324300289]
[0.01291822362691164]
[0.021459773182868958]
[0.020454706624150276]
[0.025751980021595955]
[0.013849424198269844]
[0.021408630535006523]
[0.02171851135790348]
[0.9791162610054016]
[0.9805466532707214]
[0.9796176552772522]
[0.9798645973205566]
[0.981206476688385]
[0.9795666337013245]
[0.9786973595619202]
[0.9800584316253662]
[0.9745944142341614]
[0.9787734150886536]
[0.9807902574539185]
[0.7980294823646545]
[0.8378669023513794]
[0.6595550775527954]
[0.7256054282188416]
[0.9390743970870972]
[0.9715145230293274]
[0.06897453218698502]
[0.9781070351600647]
[0.9783929586410522]
[0.9758333563804626]
[0.981468915939331]
[0.9793002009391785]
[0.9825055599212646]
[0.05247984826564789]
[0.0471981018781662]
[0.04651469364762306]
[0.9611947536468506]
[0.9382674098014832]
[0.05519198626279831]
[0.975597083568573]
[0.6020256280899048]
[0.03856789693236351]
[0.04757481813430786]
[0.05434420332312584]
[0.8418692946434021]
[0.9789611101150513]
[0.9801318049430847]
[0.9800492525100708]
[0.9811761975288391]
[0.9796492457389832]
[0.9803507924079895]
[0.9782882928848267]
[0.9414290189743042]
[0.024000637233257294]
[0.9725303053855896]
[0.9759952425956726]
[0.05753333121538162]
[0.8766108155250549]
[0.96994948387146]
[0.9769861102104187]
[0.9764804840087891]
[0.9755370616912842]
[0.9776508808135986]
[0.976418673992157]
[0.96364825963974]
[0.662482738494873]
[0.9133076071739197]
[0.9715373516082764]
[0.02498169057071209]
[0.02558572217822075]
[0.7871133685112]
[0.4939253032207489]
[0.9760608077049255]
[0.03435010462999344]
[0.11253049224615097]
[0.6120110750198364]
[0.9506088495254517]
[0.9788880944252014]
[0.9802958369255066]
[0.9806132316589355]
[0.9804301261901855]
[0.9785823822021484]
[0.9806133508682251]
[0.9765576720237732]
[0.9700791239738464]
[0.9585105180740356]
[0.978227972984314]
[0.9789941310882568]
[0.9614469408988953]
[0.9791429042816162]
[0.9211300611495972]
[0.9155793786048889]
[0.9792246222496033]
[0.46340104937553406]
[0.9133726358413696]
[0.7929648160934448]
[0.9636600613594055]
[0.023711930960416794]
[0.20738685131072998]
[0.25317755341529846]
[0.9548277854919434]
[0.9102693200111389]
[0.32202020287513733]
[0.4950156807899475]
[0.9692747592926025]
[0.9772999286651611]
[0.02600329928100109]
[0.977218747138977]
[0.9814054369926453]
[0.9739593863487244]
[0.9419502019882202]
[0.9771928191184998]
[0.9808127284049988]
[0.9708760380744934]
[0.9771707057952881]
[0.9757243990898132]
[0.9786933660507202]
[0.9776174426078796]
[0.9774726629257202]
[0.9781688451766968]
[0.9786686897277832]
[0.9696715474128723]
[0.9723767638206482]
[0.9810835719108582]
[0.9786378741264343]
[0.9786092042922974]
[0.9438037276268005]
[0.9808110594749451]
[0.9784427881240845]
[0.9764899015426636]
[0.9752597212791443]
[0.9804738759994507]
[0.9805348515510559]
[0.9801110625267029]
[0.9805226922035217]
[0.9644861817359924]
[0.9737340807914734]
[0.9704880118370056]
[0.9796939492225647]
[0.9713384509086609]
[0.9807347655296326]
[0.9762753844261169]
[0.9751020669937134]
[0.9813079237937927]
[0.9782084822654724]
[0.9799356460571289]
[0.9796226620674133]
[0.9773675799369812]
[0.979907751083374]
[0.9789436459541321]
[0.9664567708969116]
[0.9568531513214111]
[0.9750221371650696]
[0.966004490852356]
[0.9510164260864258]
[0.9736208319664001]
[0.22387756407260895]
[0.973645806312561]
[0.9715744853019714]
[0.031703975051641464]
[0.030848076567053795]
[0.9693738222122192]
[0.9358067512512207]
[0.9190582633018494]
[0.9799971580505371]
[0.41593262553215027]
[0.9676440358161926]
[0.9782063961029053]
[0.961640477180481]
[0.8734422326087952]
[0.02852075733244419]
[0.03201859071850777]
[0.12183957546949387]
[0.06183532625436783]
[0.972000002861023]
[0.9456507563591003]
[0.8154177069664001]
[0.4034172296524048]
[0.9643124341964722]
[0.9789257049560547]
[0.9630926251411438]
[0.9668673872947693]
[0.9288803339004517]
[0.931269645690918]
[0.8784081339836121]
[0.9417416453361511]
[0.03239262476563454]
[0.0268027875572443]
[0.12774494290351868]
[0.03277769684791565]
[0.6721723079681396]
[0.9417162537574768]
[0.9758390188217163]
[0.25229039788246155]
[0.9754363298416138]
[0.9498802423477173]
[0.9718248248100281]
[0.9748274087905884]
[0.9781211018562317]
[0.9758251905441284]
[0.9746925830841064]
[0.972485363483429]
[0.9763259291648865]
[0.9751889109611511]
[0.9738377332687378]
[0.9724434018135071]
[0.9776201844215393]
[0.9754003882408142]
[0.9728465676307678]
[0.9764019250869751]
[0.9712343215942383]
[0.973285973072052]
[0.9747817516326904]
[0.9760664701461792]
[0.033074576407670975]
[0.9762366414070129]
[0.048852384090423584]
[0.820863664150238]
[0.9160200953483582]
[0.15880997478961945]
[0.9619417190551758]
[0.7627411484718323]
[0.9237784743309021]
[0.027905482798814774]
[0.9220155477523804]
[0.06794153153896332]
[0.04547889530658722]
[0.030548235401511192]
[0.03010454960167408]
[0.03663184493780136]
[0.9469164609909058]
[0.8787329792976379]
[0.945771336555481]
[0.04351894184947014]
[0.36978545784950256]
[0.038768090307712555]
[0.025775521993637085]
[0.03882276639342308]
[0.035908039659261703]
[0.029002705588936806]
[0.9368987083435059]
[0.02080698125064373]
[0.3391166627407074]
[0.9729437232017517]
[0.9655038118362427]
[0.03781527280807495]
[0.03389176353812218]
[0.95692378282547]
[0.9739121198654175]
[0.9684190154075623]
[0.03284735605120659]
[0.9381691813468933]
[0.03993311896920204]
[0.038317009806632996]
[0.041140105575323105]
[0.04181293025612831]
[0.9787405133247375]
[0.9759464263916016]
[0.9755306839942932]
[0.9511099457740784]
[0.9665617942810059]
[0.9732038974761963]
[0.9705953598022461]
[0.046533580869436264]
[0.9617630839347839]
[0.9698337316513062]
[0.8024261593818665]
[0.843049168586731]
[0.12174909561872482]
[0.6715859174728394]
[0.6047499179840088]
[0.023392781615257263]
[0.9572194814682007]
[0.6896994709968567]
[0.041096895933151245]
[0.91342693567276]
[0.0339498445391655]
[0.04327583312988281]
[0.24573901295661926]
[0.8455711007118225]
[0.03547890484333038]
[0.034508563578128815]
[0.9166221618652344]
[0.04102090001106262]
[0.039218656718730927]
[0.039307817816734314]
[0.04008635878562927]
[0.029240978881716728]
[0.17164327204227448]
[0.03412085399031639]
[0.18693749606609344]
[0.02999068982899189]
[0.1419309377670288]
[0.028485164046287537]
[0.6787823438644409]
[0.036157846450805664]
[0.7659266591072083]
[0.04823286831378937]
[0.03948480635881424]
[0.04164833202958107]
[0.9548196196556091]
[0.9687213897705078]
[0.037965934723615646]
[0.05027030408382416]
[0.9770585894584656]
[0.9725090265274048]
[0.9685121178627014]
[0.03174496069550514]
[0.038565743714571]
[0.028548751026391983]
[0.9576278924942017]
[0.9732747077941895]
[0.8468133211135864]
[0.11552532762289047]
[0.9206598401069641]
[0.028055299073457718]
[0.03199278190732002]
[0.1729007363319397]
[0.5891793370246887]
[0.9402769207954407]
[0.9591663479804993]
[0.18103906512260437]
[0.9460600018501282]
[0.9526138305664062]
[0.9406685829162598]
[0.9574539065361023]
[0.9711408615112305]
[0.9680327773094177]
[0.031204551458358765]
[0.9716220498085022]
[0.9675084948539734]
[0.02323816902935505]
[0.5083968043327332]
[0.9506955742835999]
[0.9709581136703491]
[0.4767903685569763]
[0.04446996748447418]
[0.037410568445920944]
[0.04256930574774742]
[0.9403681755065918]
[0.9760332107543945]
[0.02353856712579727]
[0.02022932469844818]
[0.018960177898406982]
[0.01866239309310913]
[0.01542963832616806]
[0.01999838463962078]
[0.014467459172010422]
[0.25047507882118225]
[0.027015458792448044]
[0.012806665152311325]
[0.9085020422935486]
[0.9520556330680847]
[0.976897120475769]
[0.9772136211395264]
[0.025004412978887558]
[0.021869581192731857]
[0.018806032836437225]
[0.9733755588531494]
[0.9764764904975891]
[0.9765626788139343]
[0.8967720866203308]
[0.9755190014839172]
[0.9680819511413574]
[0.9477482438087463]
[0.04517047107219696]
