[0.06827285140752792]
[0.9434433579444885]
[0.9594195485115051]
[0.9368671178817749]
[0.9629791975021362]
[0.9536406993865967]
[0.9693503975868225]
[0.9700815081596375]
[0.9666465520858765]
[0.9631482362747192]
[0.9677239656448364]
[0.9728580713272095]
[0.9714874029159546]
[0.972770094871521]
[0.9704679846763611]
[0.9541079998016357]
[0.9459596872329712]
[0.9619418382644653]
[0.5770358443260193]
[0.04493023082613945]
[0.04746811091899872]
[0.07990539073944092]
[0.9688726663589478]
[0.968772828578949]
[0.9478404521942139]
[0.9716950058937073]
[0.9717211127281189]
[0.9695016145706177]
[0.9645171165466309]
[0.9661484360694885]
[0.9611360430717468]
[0.9708266258239746]
[0.9561467170715332]
[0.9659417271614075]
[0.9705882668495178]
[0.9639208316802979]
[0.9579806923866272]
[0.9652475118637085]
[0.9700245261192322]
[0.9674751162528992]
[0.9615578055381775]
[0.9680619239807129]
[0.9635063409805298]
[0.9680670499801636]
[0.9647247791290283]
[0.9657938480377197]
[0.9703987240791321]
[0.9247429966926575]
[0.05090422183275223]
[0.21837249398231506]
[0.40333685278892517]
[0.9672337174415588]
[0.9654342532157898]
[0.9032397270202637]
[0.14695200324058533]
[0.09023168683052063]
[0.05171699821949005]
[0.9294439554214478]
[0.6393328309059143]
[0.0448431670665741]
[0.08188068121671677]
[0.9452986717224121]
[0.8123296499252319]
[0.033439770340919495]
[0.8847784399986267]
[0.936897337436676]
[0.9698598980903625]
[0.9707565307617188]
[0.967585563659668]
[0.9690349698066711]
[0.9090965986251831]
[0.31140831112861633]
[0.1617807149887085]
[0.9628411531448364]
[0.9599127173423767]
[0.06926927715539932]
[0.9322996735572815]
[0.9677013158798218]
[0.9691294431686401]
[0.8830283880233765]
[0.966806173324585]
[0.970106840133667]
[0.9694730639457703]
[0.9705316424369812]
[0.9707649350166321]
[0.969436526298523]
[0.9658396244049072]
[0.9691739082336426]
[0.9681857228279114]
[0.9683039784431458]
[0.9693361520767212]
[0.9326139688491821]
[0.9589482545852661]
[0.08832936733961105]
[0.04948875308036804]
[0.9644384980201721]
[0.9677872061729431]
[0.9627372622489929]
[0.9665693640708923]
[0.9683890342712402]
[0.967840313911438]
[0.9537504315376282]
[0.9447161555290222]
[0.963807225227356]
[0.06130827218294144]
[0.1752660572528839]
[0.06064687669277191]
[0.9628815650939941]
[0.9640311598777771]
[0.8458450436592102]
[0.7921105623245239]
[0.09159471839666367]
[0.9633786678314209]
[0.9609754085540771]
[0.9616310000419617]
[0.56922447681427]
[0.9611960649490356]
[0.18090331554412842]
[0.4576385021209717]
[0.19465981423854828]
[0.045140817761421204]
[0.045174211263656616]
[0.03895505517721176]
[0.035051677376031876]
[0.07687793672084808]
[0.06430535763502121]
[0.8172895908355713]
[0.03855734318494797]
[0.042142223566770554]
[0.19676966965198517]
[0.03659573942422867]
[0.039738066494464874]
[0.04070150852203369]
[0.035803329199552536]
[0.03493919596076012]
[0.03934413194656372]
[0.04874187335371971]
[0.037451568990945816]
[0.04253672808408737]
[0.047043390572071075]
[0.9584075808525085]
[0.04102592170238495]
[0.045131925493478775]
[0.04164986312389374]
[0.043575942516326904]
[0.05729508399963379]
[0.050569724291563034]
[0.03830401599407196]
[0.15125945210456848]
[0.04003100097179413]
[0.032931696623563766]
[0.10115393996238708]
[0.17428597807884216]
[0.031876880675554276]
[0.038691360503435135]
[0.9705233573913574]
[0.9696738719940186]
[0.9699707627296448]
[0.9692919254302979]
[0.970282793045044]
[0.9687106609344482]
[0.9720119833946228]
[0.9713147282600403]
[0.9706098437309265]
[0.9641100764274597]
[0.9566106796264648]
[0.9604648947715759]
[0.950135350227356]
[0.962816059589386]
[0.9631835222244263]
[0.9618334174156189]
[0.9708250761032104]
[0.9581285715103149]
[0.9678717255592346]
[0.9667772054672241]
[0.9638288021087646]
[0.96304851770401]
[0.9677795767784119]
[0.9672958254814148]
[0.08986426889896393]
[0.16070957481861115]
[0.05478100851178169]
[0.9635007977485657]
[0.8810411095619202]
[0.18245837092399597]
[0.9626465439796448]
[0.9574308395385742]
[0.9085418581962585]
[0.05082302168011665]
[0.04507894441485405]
[0.8718262910842896]
[0.9723118543624878]
[0.9721635580062866]
[0.972564160823822]
[0.9714962840080261]
[0.9668895602226257]
[0.9703678488731384]
[0.966305673122406]
[0.9695314168930054]
[0.039615899324417114]
[0.9663171768188477]
[0.957854151725769]
[0.15805940330028534]
[0.9179866313934326]
[0.8885746598243713]
[0.9679068922996521]
[0.9665720462799072]
[0.9678242802619934]
[0.9698050618171692]
[0.9699118733406067]
[0.9240943789482117]
[0.17437733709812164]
[0.9066326022148132]
[0.9267271161079407]
[0.04496564343571663]
[0.04699300229549408]
[0.9594830870628357]
[0.9701507091522217]
[0.5836050510406494]
[0.06392522156238556]
[0.9189625382423401]
[0.6858904361724854]
[0.964464545249939]
[0.9658781290054321]
[0.9694089889526367]
[0.9703143239021301]
[0.9692625999450684]
[0.9692897796630859]
[0.9715865254402161]
[0.9696948528289795]
[0.9638676643371582]
[0.965580940246582]
[0.9671195149421692]
[0.9708624482154846]
[0.9663024544715881]
[0.9683989882469177]
[0.9608880281448364]
[0.9582498073577881]
[0.9676169157028198]
[0.9626339673995972]
[0.9675718545913696]
[0.9678440093994141]
[0.9681636095046997]
[0.47084254026412964]
[0.9425992369651794]
[0.9556466341018677]
[0.9607507586479187]
[0.12790422141551971]
[0.4754617512226105]
[0.8826339840888977]
[0.9439589381217957]
[0.8921413421630859]
[0.943816065788269]
[0.9538059830665588]
[0.9602354168891907]
[0.9722628593444824]
[0.9423440098762512]
[0.9712705016136169]
[0.9660950303077698]
[0.9719964265823364]
[0.969647228717804]
[0.9718655347824097]
[0.969545304775238]
[0.9671615362167358]
[0.9618126749992371]
[0.9726837873458862]
[0.9708121418952942]
[0.9707913398742676]
[0.942040741443634]
[0.9719818830490112]
[0.9706816077232361]
[0.9515960216522217]
[0.954279363155365]
[0.9725072383880615]
[0.9646760821342468]
[0.9698227643966675]
[0.9567829370498657]
[0.9688999652862549]
[0.9711333513259888]
[0.9722071886062622]
[0.970824122428894]
[0.9511464834213257]
[0.9401847720146179]
[0.9689885973930359]
[0.9717714190483093]
[0.968629002571106]
[0.96373051404953]
[0.9636842012405396]
[0.9705295562744141]
[0.9691163301467896]
[0.9695085883140564]
[0.9684184193611145]
[0.9624019265174866]
[0.968269407749176]
[0.9660639762878418]
[0.9633652567863464]
[0.9617043733596802]
[0.9611228108406067]
[0.9676510095596313]
[0.9698643684387207]
[0.9529792070388794]
[0.9705514311790466]
[0.19419094920158386]
[0.9460840821266174]
[0.9318727850914001]
[0.15958479046821594]
[0.16471922397613525]
[0.9604527950286865]
[0.9313502907752991]
[0.8335515856742859]
[0.9683386087417603]
[0.2481631338596344]
[0.6089591979980469]
[0.9616237282752991]
[0.9556422829627991]
[0.9521711468696594]
[0.23143242299556732]
[0.16173425316810608]
[0.7947403788566589]
[0.17610888183116913]
[0.965042769908905]
[0.9063717126846313]
[0.7913410663604736]
[0.378964364528656]
[0.9623367786407471]
[0.9696148037910461]
[0.9261939525604248]
[0.9350938200950623]
[0.7837611436843872]
[0.893954873085022]
[0.9298142790794373]
[0.9417203068733215]
[0.9247041344642639]
[0.9341254234313965]
[0.9439743161201477]
[0.7888178825378418]
[0.9497695565223694]
[0.94638991355896]
[0.969683051109314]
[0.9316864013671875]
[0.9512811303138733]
[0.9583567976951599]
[0.965373694896698]
[0.9471514821052551]
[0.9710105657577515]
[0.9713706970214844]
[0.9703608155250549]
[0.9679251909255981]
[0.9719228744506836]
[0.9700613021850586]
[0.969591498374939]
[0.9708935618400574]
[0.9728509783744812]
[0.9689299464225769]
[0.9718126654624939]
[0.9688984155654907]
[0.9672248959541321]
[0.9728118181228638]
[0.9730576276779175]
[0.9720553159713745]
[0.9514576196670532]
[0.9356322288513184]
[0.9536842107772827]
[0.9697276949882507]
[0.9531269073486328]
[0.950312614440918]
[0.9702375531196594]
[0.9593356251716614]
[0.9538848996162415]
[0.9655369520187378]
[0.8802609443664551]
[0.8568451404571533]
[0.38575583696365356]
[0.11492352187633514]
[0.16581571102142334]
[0.8745136857032776]
[0.849930465221405]
[0.9215505123138428]
[0.9168651103973389]
[0.7801545858383179]
[0.7070519924163818]
[0.05557434633374214]
[0.5151708126068115]
[0.037858426570892334]
[0.0961749330163002]
[0.11406681686639786]
[0.9383655786514282]
[0.5924475789070129]
[0.927568256855011]
[0.9672209024429321]
[0.9645909667015076]
[0.7464768290519714]
[0.9037905335426331]
[0.963265061378479]
[0.9676218628883362]
[0.9366983771324158]
[0.2885902225971222]
[0.8152143955230713]
[0.08792465180158615]
[0.09128851443529129]
[0.06864335387945175]
[0.06810358166694641]
[0.9731051325798035]
[0.9611983895301819]
[0.9682396054267883]
[0.9530386328697205]
[0.9648969769477844]
[0.9689080119132996]
[0.9622828364372253]
[0.8563422560691833]
[0.9592041969299316]
[0.9594810009002686]
[0.9594341516494751]
[0.9505369067192078]
[0.14754155278205872]
[0.5995705127716064]
[0.763163149356842]
[0.13608600199222565]
[0.9676706194877625]
[0.9362943172454834]
[0.1605452597141266]
[0.9582026600837708]
[0.10896441340446472]
[0.03781083971261978]
[0.39224737882614136]
[0.9550346732139587]
[0.7107229828834534]
[0.8496187329292297]
[0.9612401127815247]
[0.42074429988861084]
[0.26071697473526]
[0.09033176302909851]
[0.12361668050289154]
[0.0720464289188385]
[0.35105690360069275]
[0.39033016562461853]
[0.8740987181663513]
[0.5410045385360718]
[0.5072746872901917]
[0.9061300158500671]
[0.9101502299308777]
[0.09426034986972809]
[0.9392367601394653]
[0.8874388337135315]
[0.10770143568515778]
[0.2070414125919342]
[0.9312275052070618]
[0.9536502361297607]
[0.22395607829093933]
[0.5146903991699219]
[0.9732729196548462]
[0.9722129106521606]
[0.9723802804946899]
[0.06060537323355675]
[0.05804847180843353]
[0.5678225159645081]
[0.7423897981643677]
[0.967219889163971]
[0.8579258918762207]
[0.2566244304180145]
[0.9525759816169739]
[0.09026336669921875]
[0.07831449806690216]
[0.7034162282943726]
[0.22206291556358337]
[0.9668494462966919]
[0.9484780430793762]
[0.34978488087654114]
[0.9538438320159912]
[0.9566447138786316]
[0.9635728597640991]
[0.9425820708274841]
[0.973349928855896]
[0.9663684964179993]
[0.9559923410415649]
[0.970622718334198]
[0.9663764834403992]
[0.1417648196220398]
[0.9656832218170166]
[0.9217539429664612]
[0.9672236442565918]
[0.2815006971359253]
[0.053123969584703445]
[0.05173501372337341]
[0.06556124985218048]
[0.8971536159515381]
[0.9533095359802246]
[0.05032828450202942]
[0.04400264099240303]
[0.10284941643476486]
[0.035440173000097275]
[0.043223798274993896]
[0.7032874822616577]
[0.07796795666217804]
[0.11719633638858795]
[0.36232444643974304]
[0.0458533801138401]
[0.5885884165763855]
[0.8806810975074768]
[0.9688849449157715]
[0.9695702195167542]
[0.20584146678447723]
[0.08547154814004898]
[0.19204597175121307]
[0.9716359376907349]
[0.9708979725837708]
[0.9693300127983093]
[0.9603528380393982]
[0.9705755710601807]
[0.9694864153862]
[0.9679182767868042]
[0.1497536450624466]
