[0.008704234845936298]
[0.33916452527046204]
[0.7951176166534424]
[0.02031816355884075]
[0.9748721122741699]
[0.02651289291679859]
[0.9850249290466309]
[0.9864822626113892]
[0.987552285194397]
[0.9731753468513489]
[0.9637229442596436]
[0.9873194694519043]
[0.9851493835449219]
[0.9902893304824829]
[0.986697256565094]
[0.9524519443511963]
[0.9756695628166199]
[0.9493051171302795]
[0.031428053975105286]
[0.006941493600606918]
[0.01617935672402382]
[0.008059246465563774]
[0.9532924890518188]
[0.9815394282341003]
[0.047696296125650406]
[0.9643745422363281]
[0.9465473294258118]
[0.9816205501556396]
[0.9014441967010498]
[0.9510707855224609]
[0.9504992961883545]
[0.9634823203086853]
[0.4732019603252411]
[0.9297161102294922]
[0.9831399321556091]
[0.9780444502830505]
[0.9588045477867126]
[0.917181670665741]
[0.9825917482376099]
[0.9792520403862]
[0.9770386815071106]
[0.9230482578277588]
[0.827498197555542]
[0.9764818549156189]
[0.9783024787902832]
[0.9693212509155273]
[0.9202641248703003]
[0.4960569143295288]
[0.012604191899299622]
[0.009830677881836891]
[0.11265616863965988]
[0.948138415813446]
[0.5478709936141968]
[0.2774938941001892]
[0.010312017984688282]
[0.021636903285980225]
[0.006813585292547941]
[0.6877684593200684]
[0.019861480221152306]
[0.007262915372848511]
[0.00654689921066165]
[0.10223600268363953]
[0.012564161792397499]
[0.006644967012107372]
[0.016752636060118675]
[0.018995141610503197]
[0.9521340131759644]
[0.9789421558380127]
[0.9400995373725891]
[0.9805960655212402]
[0.03237352892756462]
[0.03542086109519005]
[0.02327437326312065]
[0.9639628529548645]
[0.7787647843360901]
[0.02155408076941967]
[0.021123776212334633]
[0.9719792008399963]
[0.96693354845047]
[0.028947919607162476]
[0.9850490689277649]
[0.9851497411727905]
[0.9871037602424622]
[0.9855648875236511]
[0.9836507439613342]
[0.9825605750083923]
[0.9811916947364807]
[0.9817535281181335]
[0.9873950481414795]
[0.9867748022079468]
[0.9884518384933472]
[0.037875160574913025]
[0.672737717628479]
[0.01605038531124592]
[0.013423049822449684]
[0.8614084124565125]
[0.9488086700439453]
[0.9875251054763794]
[0.9868977069854736]
[0.9869886636734009]
[0.9885462522506714]
[0.9710968136787415]
[0.669560432434082]
[0.5721948742866516]
[0.021644247695803642]
[0.030885104089975357]
[0.022288253530859947]
[0.7565720677375793]
[0.032049477100372314]
[0.10243874788284302]
[0.04451923072338104]
[0.025491198524832726]
[0.9696743488311768]
[0.9734559655189514]
[0.9470374584197998]
[0.8132098317146301]
[0.9448302984237671]
[0.14087024331092834]
[0.4020285904407501]
[0.48615598678588867]
[0.019487634301185608]
[0.01514657586812973]
[0.030713986605405807]
[0.021260807290673256]
[0.03997735306620598]
[0.017843037843704224]
[0.20475377142429352]
[0.023786133155226707]
[0.01894991099834442]
[0.03516419976949692]
[0.03259923309087753]
[0.040649112313985825]
[0.03512359783053398]
[0.02047211118042469]
[0.02448357827961445]
[0.017105020582675934]
[0.029746154323220253]
[0.018228713423013687]
[0.015837963670492172]
[0.01435963623225689]
[0.9793660640716553]
[0.03037460334599018]
[0.02980036474764347]
[0.020782003179192543]
[0.022922731935977936]
[0.031239531934261322]
[0.02463056892156601]
[0.016966188326478004]
[0.04230761528015137]
[0.02370196394622326]
[0.014179970137774944]
[0.016977356746792793]
[0.01344818715006113]
[0.03584683686494827]
[0.03637578710913658]
[0.9801761507987976]
[0.9831907153129578]
[0.9762109518051147]
[0.9878631830215454]
[0.983119547367096]
[0.9811278581619263]
[0.9865127801895142]
[0.971447765827179]
[0.9654239416122437]
[0.945880651473999]
[0.9711437821388245]
[0.9758913516998291]
[0.3596687614917755]
[0.7160343527793884]
[0.8429408073425293]
[0.846027672290802]
[0.9786472320556641]
[0.9608017206192017]
[0.981726884841919]
[0.9458860158920288]
[0.9757699966430664]
[0.9241524934768677]
[0.9450489282608032]
[0.9627693891525269]
[0.03368672356009483]
[0.04398243501782417]
[0.019746264442801476]
[0.7644753456115723]
[0.33870118856430054]
[0.051165707409381866]
[0.9577354192733765]
[0.8413220643997192]
[0.05904693529009819]
[0.024462865665555]
[0.022057436406612396]
[0.5642565488815308]
[0.9573469161987305]
[0.9781578183174133]
[0.9713581204414368]
[0.9885093569755554]
[0.8578836917877197]
[0.9771332740783691]
[0.9716443419456482]
[0.9673086404800415]
[0.005965104792267084]
[0.9202519059181213]
[0.9665794968605042]
[0.008344537578523159]
[0.014906146563589573]
[0.45852968096733093]
[0.9145828485488892]
[0.9695764780044556]
[0.9381725788116455]
[0.9263939261436462]
[0.9816446304321289]
[0.12400060147047043]
[0.007662687450647354]
[0.010386559180915356]
[0.024916788563132286]
[0.006453138776123524]
[0.005657646805047989]
[0.09705397486686707]
[0.5867863893508911]
[0.9659639000892639]
[0.029357803985476494]
[0.03932163119316101]
[0.060658250004053116]
[0.6880618333816528]
[0.9715093374252319]
[0.9858975410461426]
[0.9865156412124634]
[0.9786625504493713]
[0.9226309657096863]
[0.9875527620315552]
[0.8234232068061829]
[0.8884009718894958]
[0.9229393005371094]
[0.9700082540512085]
[0.9709101319313049]
[0.8616994619369507]
[0.9851782917976379]
[0.9656456112861633]
[0.9719573259353638]
[0.9755449891090393]
[0.7384811043739319]
[0.8964282870292664]
[0.969916820526123]
[0.9762699007987976]
[0.9510896801948547]
[0.06863522529602051]
[0.0739869773387909]
[0.888729989528656]
[0.026512863114476204]
[0.09895583242177963]
[0.5469704270362854]
[0.7893199324607849]
[0.9215307831764221]
[0.019850293174386024]
[0.9386770725250244]
[0.9621002674102783]
[0.9869440793991089]
[0.8352004289627075]
[0.9876575469970703]
[0.9820464253425598]
[0.903340220451355]
[0.9655551314353943]
[0.9541224241256714]
[0.9872238636016846]
[0.979726254940033]
[0.9797653555870056]
[0.985554039478302]
[0.9803087711334229]
[0.9685267806053162]
[0.9653822779655457]
[0.9837151169776917]
[0.9751560091972351]
[0.6788638234138489]
[0.8274178504943848]
[0.987649142742157]
[0.9785152673721313]
[0.8980847001075745]
[0.9394598603248596]
[0.9715551137924194]
[0.9870326519012451]
[0.9874322414398193]
[0.9743335843086243]
[0.8711490631103516]
[0.9103111028671265]
[0.9709044694900513]
[0.9622886776924133]
[0.9721363186836243]
[0.9845072031021118]
[0.9776180386543274]
[0.9841146469116211]
[0.9015004634857178]
[0.961138129234314]
[0.985612154006958]
[0.9307324886322021]
[0.9639155268669128]
[0.9451395869255066]
[0.970038890838623]
[0.9642451405525208]
[0.9159770011901855]
[0.9583864212036133]
[0.9512349367141724]
[0.9324042797088623]
[0.984509289264679]
[0.025872813537716866]
[0.9405309557914734]
[0.7447386384010315]
[0.01237496454268694]
[0.0203440822660923]
[0.9461125731468201]
[0.7574895024299622]
[0.5442144274711609]
[0.9827498197555542]
[0.017444323748350143]
[0.8155727982521057]
[0.9329677820205688]
[0.408065527677536]
[0.9397927522659302]
[0.007878215983510017]
[0.006494758650660515]
[0.08319173008203506]
[0.007717474829405546]
[0.9074126482009888]
[0.7586892247200012]
[0.46236327290534973]
[0.913822591304779]
[0.8445717096328735]
[0.9812098145484924]
[0.8975598812103271]
[0.9289953708648682]
[0.32355690002441406]
[0.09497983008623123]
[0.7690244317054749]
[0.8356163501739502]
[0.019621169194579124]
[0.023220013827085495]
[0.09550120681524277]
[0.019206950441002846]
[0.09206388890743256]
[0.039442818611860275]
[0.9620175957679749]
[0.02387367933988571]
[0.7705621719360352]
[0.7864739298820496]
[0.652810275554657]
[0.5414078235626221]
[0.9677894115447998]
[0.9837640523910522]
[0.944988489151001]
[0.8857232928276062]
[0.9524117112159729]
[0.9041454195976257]
[0.9561694264411926]
[0.9609200358390808]
[0.9726564884185791]
[0.9121541976928711]
[0.976040780544281]
[0.9432117342948914]
[0.9102458357810974]
[0.9730117917060852]
[0.9763848185539246]
[0.9808573722839355]
[0.011697473004460335]
[0.06595670431852341]
[0.9010595083236694]
[0.9333301186561584]
[0.7265108227729797]
[0.8849647045135498]
[0.9164974689483643]
[0.9167641401290894]
[0.9427372217178345]
[0.9031441807746887]
[0.813978910446167]
[0.026251887902617455]
[0.043942540884017944]
[0.013977780938148499]
[0.027640176936984062]
[0.012383679859340191]
[0.02795756235718727]
[0.17789584398269653]
[0.4412887692451477]
[0.04111752286553383]
[0.01570141687989235]
[0.010789838619530201]
[0.01703731343150139]
[0.012792903929948807]
[0.012366038747131824]
[0.03874611482024193]
[0.06298492103815079]
[0.07145922631025314]
[0.16578125953674316]
[0.8201009631156921]
[0.9076184034347534]
[0.8897082209587097]
[0.027252888306975365]
[0.5028260946273804]
[0.9155867695808411]
[0.8745536804199219]
[0.014266408048570156]
[0.36504262685775757]
[0.013381562195718288]
[0.010829727165400982]
[0.014556420035660267]
[0.016355985775589943]
[0.9784190654754639]
[0.6268984079360962]
[0.9521577954292297]
[0.9533526301383972]
[0.8778608441352844]
[0.9527708292007446]
[0.8889042139053345]
[0.08809208124876022]
[0.9536981582641602]
[0.9638309478759766]
[0.8883827328681946]
[0.9568859934806824]
[0.01880357787013054]
[0.7165509462356567]
[0.35153624415397644]
[0.014218643307685852]
[0.7526140213012695]
[0.641184389591217]
[0.012656980194151402]
[0.9088304042816162]
[0.030183563008904457]
[0.013630148023366928]
[0.016585858538746834]
[0.5356884002685547]
[0.026814615353941917]
[0.018234800547361374]
[0.4646137058734894]
[0.019588707014918327]
[0.01555269118398428]
[0.023754818364977837]
[0.013721770606935024]
[0.009858566336333752]
[0.0363934226334095]
[0.028942231088876724]
[0.023272307589650154]
[0.020896274596452713]
[0.01634724996984005]
[0.020236937329173088]
[0.2531552314758301]
[0.0108672846108675]
[0.17758764326572418]
[0.12130138278007507]
[0.021895289421081543]
[0.01248251460492611]
[0.6831226944923401]
[0.8146958351135254]
[0.016994833946228027]
[0.0280928835272789]
[0.975419282913208]
[0.8883334398269653]
[0.8953303694725037]
[0.016266385093331337]
[0.013992919586598873]
[0.025241509079933167]
[0.7681658864021301]
[0.7895128726959229]
[0.27551552653312683]
[0.14696313440799713]
[0.37654736638069153]
[0.011494574137032032]
[0.011115165427327156]
[0.5778854489326477]
[0.02570883370935917]
[0.8208288550376892]
[0.4524896442890167]
[0.09656665474176407]
[0.6782527565956116]
[0.8462769985198975]
[0.3570791780948639]
[0.959746778011322]
[0.9585097432136536]
[0.8835718035697937]
[0.19138430058956146]
[0.8197383284568787]
[0.8023794293403625]
[0.18545114994049072]
[0.9724786877632141]
[0.6714199185371399]
[0.859119176864624]
[0.039450012147426605]
[0.010739634744822979]
[0.008860460482537746]
[0.011014002375304699]
[0.31523680686950684]
[0.63577800989151]
[0.010266629979014397]
[0.010208047926425934]
[0.01134497206658125]
[0.008972118608653545]
[0.010088442824780941]
[0.0210005771368742]
[0.009966772980988026]
[0.018007485195994377]
[0.010019788518548012]
[0.0326918289065361]
[0.05449986085295677]
[0.028052305802702904]
[0.9574224352836609]
[0.9753970503807068]
[0.017757752910256386]
[0.008910570293664932]
[0.01036645844578743]
[0.9870882034301758]
[0.9858747124671936]
[0.9842343926429749]
[0.7443727254867554]
[0.9526321291923523]
[0.9815171360969543]
[0.9320011734962463]
[0.29989826679229736]
