[0.018044471740722656]
[0.9658695459365845]
[0.974951982498169]
[0.9255319833755493]
[0.9771828055381775]
[0.9649716019630432]
[0.9688060879707336]
[0.976070761680603]
[0.976705014705658]
[0.9771472811698914]
[0.9752547740936279]
[0.9782166481018066]
[0.9782541990280151]
[0.9781239628791809]
[0.9778229594230652]
[0.9733737707138062]
[0.9646300077438354]
[0.9727135896682739]
[0.7303838729858398]
[0.013888821005821228]
[0.014088939875364304]
[0.020311374217271805]
[0.9719445109367371]
[0.9808921217918396]
[0.9567545652389526]
[0.9769793152809143]
[0.9754534363746643]
[0.9789535403251648]
[0.9735875129699707]
[0.9762051701545715]
[0.9753816723823547]
[0.9788374900817871]
[0.9408778548240662]
[0.9753050804138184]
[0.9784729480743408]
[0.9777876138687134]
[0.9770220518112183]
[0.9735926985740662]
[0.9765938520431519]
[0.9777447581291199]
[0.9748791456222534]
[0.9738991260528564]
[0.9611377120018005]
[0.9763192534446716]
[0.9752618074417114]
[0.9740293025970459]
[0.9748167395591736]
[0.9576974511146545]
[0.014458264224231243]
[0.02986622042953968]
[0.05802597478032112]
[0.9774870276451111]
[0.9653359055519104]
[0.7915206551551819]
[0.023987120017409325]
[0.021228281781077385]
[0.01574832573533058]
[0.8301298022270203]
[0.13714466989040375]
[0.01373435277491808]
[0.014553587883710861]
[0.7373607754707336]
[0.9151720404624939]
[0.012670974247157574]
[0.9350754618644714]
[0.857017457485199]
[0.9769392609596252]
[0.9784674644470215]
[0.9708240628242493]
[0.9772416353225708]
[0.9593633413314819]
[0.04103470221161842]
[0.020018380135297775]
[0.9750282764434814]
[0.9133718609809875]
[0.02273453213274479]
[0.2186877429485321]
[0.9797744154930115]
[0.9774078726768494]
[0.05875179171562195]
[0.9766543507575989]
[0.9802534580230713]
[0.9802079796791077]
[0.9818156361579895]
[0.9799122214317322]
[0.9802538752555847]
[0.9787351489067078]
[0.9788313508033752]
[0.9799062609672546]
[0.9798426032066345]
[0.9798396229743958]
[0.4610867202281952]
[0.9618096947669983]
[0.015021738596260548]
[0.015116035006940365]
[0.9742643237113953]
[0.9766013622283936]
[0.9779836535453796]
[0.9783958196640015]
[0.9793803095817566]
[0.9786957502365112]
[0.9788962006568909]
[0.7433469891548157]
[0.9662729501724243]
[0.018330946564674377]
[0.027825383469462395]
[0.018415771424770355]
[0.9781885147094727]
[0.9578682780265808]
[0.4183177649974823]
[0.32433608174324036]
[0.015734348446130753]
[0.970355749130249]
[0.9715970754623413]
[0.970788300037384]
[0.1302962750196457]
[0.9646427035331726]
[0.11834024637937546]
[0.8963503837585449]
[0.14559713006019592]
[0.015582411549985409]
[0.016232702881097794]
[0.015222586691379547]
[0.017005247995257378]
[0.018001727759838104]
[0.01739359274506569]
[0.8993095755577087]
[0.012521285563707352]
[0.014884806238114834]
[0.2801734507083893]
[0.0159856379032135]
[0.0181491170078516]
[0.014262070879340172]
[0.014341174624860287]
[0.013446522876620293]
[0.016385771334171295]
[0.015465442091226578]
[0.01391894556581974]
[0.014176123775541782]
[0.01535084005445242]
[0.9733551144599915]
[0.016786834225058556]
[0.020173311233520508]
[0.015429861843585968]
[0.0166984461247921]
[0.015377026051282883]
[0.013944429345428944]
[0.015268002636730671]
[0.03567252308130264]
[0.014310095459222794]
[0.015061242505908012]
[0.02804212085902691]
[0.023932727053761482]
[0.014782892540097237]
[0.014890654012560844]
[0.9794260859489441]
[0.9799188375473022]
[0.9779748916625977]
[0.9787205457687378]
[0.9772977828979492]
[0.9781550765037537]
[0.9789952635765076]
[0.9801152944564819]
[0.9780728220939636]
[0.9773185849189758]
[0.9746274948120117]
[0.9720773100852966]
[0.9630464911460876]
[0.975977897644043]
[0.9730715155601501]
[0.9764010310173035]
[0.9792367219924927]
[0.9726773500442505]
[0.9747288227081299]
[0.9763506054878235]
[0.9784911870956421]
[0.9723141193389893]
[0.9770396947860718]
[0.9762516021728516]
[0.019595079123973846]
[0.031178297474980354]
[0.01596197485923767]
[0.9771804809570312]
[0.9142500162124634]
[0.05474497377872467]
[0.972703218460083]
[0.959242045879364]
[0.39812353253364563]
[0.018779130652546883]
[0.015689615160226822]
[0.9596962332725525]
[0.9797049760818481]
[0.9814048409461975]
[0.9798357486724854]
[0.9800358414649963]
[0.97771155834198]
[0.9800476431846619]
[0.9754291772842407]
[0.9766219258308411]
[0.013799536973237991]
[0.9751093983650208]
[0.960025429725647]
[0.04051247239112854]
[0.9459973573684692]
[0.9539788365364075]
[0.9715161919593811]
[0.9780322313308716]
[0.9779656529426575]
[0.9775461554527283]
[0.9757782816886902]
[0.9237584471702576]
[0.03030579164624214]
[0.5398983359336853]
[0.5949122905731201]
[0.017416859045624733]
[0.01756436377763748]
[0.9516468644142151]
[0.9617602825164795]
[0.2787551283836365]
[0.018876925110816956]
[0.9320743083953857]
[0.2777196168899536]
[0.9593760967254639]
[0.9732441306114197]
[0.9744771122932434]
[0.9752630591392517]
[0.9740009903907776]
[0.9760146737098694]
[0.978329062461853]
[0.9769411683082581]
[0.972380518913269]
[0.9705967903137207]
[0.9734203815460205]
[0.9695708751678467]
[0.9722870588302612]
[0.977310836315155]
[0.9744009375572205]
[0.9704694747924805]
[0.9719887375831604]
[0.9750149250030518]
[0.9759357571601868]
[0.9753047823905945]
[0.9748493432998657]
[0.0850520133972168]
[0.86812824010849]
[0.9639454483985901]
[0.9705066084861755]
[0.04021120443940163]
[0.1786300390958786]
[0.2503923177719116]
[0.9493016004562378]
[0.3635215163230896]
[0.8988972306251526]
[0.9222651124000549]
[0.9540250897407532]
[0.9797505140304565]
[0.7442228198051453]
[0.9796679019927979]
[0.9727779626846313]
[0.9799137115478516]
[0.9758411049842834]
[0.9765480160713196]
[0.9790047407150269]
[0.967380166053772]
[0.9784860610961914]
[0.9806309938430786]
[0.9808130860328674]
[0.9751230478286743]
[0.9591482281684875]
[0.9797114729881287]
[0.9782994985580444]
[0.9658764600753784]
[0.8714736700057983]
[0.9803668260574341]
[0.975002646446228]
[0.9743144512176514]
[0.9703556299209595]
[0.9784157872200012]
[0.9804894924163818]
[0.9783600568771362]
[0.9791911244392395]
[0.9557697772979736]
[0.8649821281433105]
[0.9781455993652344]
[0.9803446531295776]
[0.9799938201904297]
[0.9789180159568787]
[0.9765394926071167]
[0.9777165055274963]
[0.980083703994751]
[0.9773828387260437]
[0.9775717854499817]
[0.9693688750267029]
[0.976738691329956]
[0.972854495048523]
[0.9725801944732666]
[0.9732446670532227]
[0.9673284888267517]
[0.9774422645568848]
[0.9744364619255066]
[0.9386191964149475]
[0.9769630432128906]
[0.030150940641760826]
[0.9318650364875793]
[0.6140128374099731]
[0.02090335451066494]
[0.02336779423058033]
[0.9658212661743164]
[0.4462921917438507]
[0.4276054799556732]
[0.9787351489067078]
[0.046494968235492706]
[0.09830527752637863]
[0.9484772682189941]
[0.8545358180999756]
[0.9536910057067871]
[0.04895155131816864]
[0.030441507697105408]
[0.3464498519897461]
[0.03583475202322006]
[0.9608347415924072]
[0.7076095938682556]
[0.5750488042831421]
[0.471256822347641]
[0.9641277194023132]
[0.9787468314170837]
[0.8041397929191589]
[0.4536272883415222]
[0.0584077388048172]
[0.31452974677085876]
[0.9688605666160583]
[0.9644206762313843]
[0.3110272288322449]
[0.4202846586704254]
[0.9718125462532043]
[0.7891848683357239]
[0.8702827095985413]
[0.9650192260742188]
[0.9773574471473694]
[0.9732681512832642]
[0.9046207666397095]
[0.9739417433738708]
[0.9783307313919067]
[0.9628199338912964]
[0.9781939387321472]
[0.9807503819465637]
[0.9785566329956055]
[0.974601686000824]
[0.9807089567184448]
[0.9771975874900818]
[0.9768592715263367]
[0.9774541258811951]
[0.9806455969810486]
[0.9710273146629333]
[0.9816717505455017]
[0.9801635146141052]
[0.9732447862625122]
[0.9819538593292236]
[0.9819705486297607]
[0.9811922311782837]
[0.9499427080154419]
[0.9514204263687134]
[0.9740279316902161]
[0.9786645770072937]
[0.9749056696891785]
[0.9758127927780151]
[0.9798188209533691]
[0.9780833125114441]
[0.97440105676651]
[0.9772264957427979]
[0.7934045791625977]
[0.2230406254529953]
[0.06675829738378525]
[0.021100269630551338]
[0.017437729984521866]
[0.3031192421913147]
[0.650829017162323]
[0.9272536635398865]
[0.8458314538002014]
[0.8716739416122437]
[0.07704199850559235]
[0.01531216874718666]
[0.12143351882696152]
[0.013892458751797676]
[0.028305789455771446]
[0.02307368814945221]
[0.9583911299705505]
[0.0750483050942421]
[0.957994818687439]
[0.9765730500221252]
[0.9706903696060181]
[0.9153726696968079]
[0.912679135799408]
[0.9752259850502014]
[0.9770060181617737]
[0.9549834728240967]
[0.14014102518558502]
[0.6176638603210449]
[0.03615575656294823]
[0.04848272725939751]
[0.025652552023530006]
[0.026794737204909325]
[0.981283962726593]
[0.9644272923469543]
[0.9796211123466492]
[0.9774248600006104]
[0.9759229421615601]
[0.9795776009559631]
[0.9616912603378296]
[0.8182443380355835]
[0.9795209765434265]
[0.9623885750770569]
[0.9625336527824402]
[0.9699264764785767]
[0.35786139965057373]
[0.31757113337516785]
[0.4817168116569519]
[0.033193983137607574]
[0.9644334316253662]
[0.9706223011016846]
[0.07414098083972931]
[0.9615110754966736]
[0.02274666540324688]
[0.015911078080534935]
[0.7946240305900574]
[0.9519149661064148]
[0.38136783242225647]
[0.06276033818721771]
[0.9712318181991577]
[0.4601970613002777]
[0.13043753802776337]
[0.025810694321990013]
[0.041157934814691544]
[0.02009701356291771]
[0.06849989295005798]
[0.13606512546539307]
[0.9448920488357544]
[0.1923494189977646]
[0.48893824219703674]
[0.6437366604804993]
[0.8816063404083252]
[0.025954367592930794]
[0.9612184166908264]
[0.7294747233390808]
[0.13945259153842926]
[0.04279341176152229]
[0.9646352529525757]
[0.971599817276001]
[0.036627206951379776]
[0.18289966881275177]
[0.9797970652580261]
[0.9785754680633545]
[0.9794526100158691]
[0.01812654919922352]
[0.024979697540402412]
[0.45384496450424194]
[0.86102294921875]
[0.9739155173301697]
[0.9090860486030579]
[0.6556369066238403]
[0.9686384201049805]
[0.027977924793958664]
[0.018672000616788864]
[0.8081366419792175]
[0.5795682072639465]
[0.9765191674232483]
[0.9686164855957031]
[0.5828863978385925]
[0.9675783514976501]
[0.9747657775878906]
[0.9724125266075134]
[0.9475953578948975]
[0.9803050756454468]
[0.9783681631088257]
[0.9642062783241272]
[0.9821165204048157]
[0.980544924736023]
[0.037793245166540146]
[0.9728283882141113]
[0.891455888748169]
[0.9749687910079956]
[0.7623584866523743]
[0.017449524253606796]
[0.019698243588209152]
[0.02545187436044216]
[0.9406289458274841]
[0.962931752204895]
[0.015308639034628868]
[0.0179968923330307]
[0.016624610871076584]
[0.013652481138706207]
[0.020692357793450356]
[0.060475509613752365]
[0.021501142531633377]
[0.02392173558473587]
[0.08709914237260818]
[0.014354757964611053]
[0.5224273204803467]
[0.8112698197364807]
[0.9777864813804626]
[0.9742313027381897]
[0.05227447673678398]
[0.02105463668704033]
[0.025163624435663223]
[0.9755895733833313]
[0.9791882634162903]
[0.9763447046279907]
[0.9601231813430786]
[0.972804069519043]
[0.9691150188446045]
[0.9629422426223755]
[0.03859834745526314]
