[0.053614504635334015]
[0.08518608659505844]
[0.6756551265716553]
[0.08713410794734955]
[0.9829022884368896]
[0.19989825785160065]
[0.9824920892715454]
[0.9841869473457336]
[0.9831039905548096]
[0.9837033748626709]
[0.9831584692001343]
[0.9841668605804443]
[0.983677864074707]
[0.9858959317207336]
[0.9842327833175659]
[0.5410483479499817]
[0.9664976596832275]
[0.9813530445098877]
[0.4738767445087433]
[0.046645935624837875]
[0.045306120067834854]
[0.04917963594198227]
[0.98173588514328]
[0.9852214455604553]
[0.8817363977432251]
[0.9824172258377075]
[0.9827882647514343]
[0.9858184456825256]
[0.9746458530426025]
[0.9833207726478577]
[0.9833953380584717]
[0.9844977259635925]
[0.9170856475830078]
[0.9815426468849182]
[0.9858936071395874]
[0.9854205250740051]
[0.9826411604881287]
[0.9803009629249573]
[0.975973904132843]
[0.9808831810951233]
[0.983138918876648]
[0.9804413318634033]
[0.9715989828109741]
[0.9841033220291138]
[0.9842647314071655]
[0.9836521148681641]
[0.9776266813278198]
[0.9702903032302856]
[0.0469864159822464]
[0.06301145255565643]
[0.13458900153636932]
[0.982286274433136]
[0.9591817855834961]
[0.06544149667024612]
[0.05203317478299141]
[0.0528600737452507]
[0.046346474438905716]
[0.27712953090667725]
[0.09728571772575378]
[0.0460040420293808]
[0.047601569443941116]
[0.07348037511110306]
[0.06975580751895905]
[0.04689088463783264]
[0.07108460366725922]
[0.06849338114261627]
[0.9817824959754944]
[0.9844397306442261]
[0.976682722568512]
[0.9838933944702148]
[0.06787608563899994]
[0.4077981114387512]
[0.3180582523345947]
[0.9758077263832092]
[0.9414508938789368]
[0.08869803696870804]
[0.558528482913971]
[0.98143470287323]
[0.9806514382362366]
[0.17023974657058716]
[0.9822978973388672]
[0.9854669570922852]
[0.9839523434638977]
[0.9849722981452942]
[0.9839748740196228]
[0.9860048890113831]
[0.9839507341384888]
[0.9800810813903809]
[0.9845001697540283]
[0.9838384389877319]
[0.9850156307220459]
[0.7894958257675171]
[0.980985701084137]
[0.1090315654873848]
[0.07758729159832001]
[0.9840853214263916]
[0.9853277206420898]
[0.9851087927818298]
[0.9823709726333618]
[0.985678493976593]
[0.984169602394104]
[0.9820051193237305]
[0.9633558392524719]
[0.9803885221481323]
[0.12810732424259186]
[0.11147260665893555]
[0.06454475969076157]
[0.9185916185379028]
[0.6094409823417664]
[0.2990478575229645]
[0.5079261660575867]
[0.18630877137184143]
[0.9682594537734985]
[0.9779520034790039]
[0.972917914390564]
[0.8283480405807495]
[0.9703726768493652]
[0.44323429465293884]
[0.5276358723640442]
[0.500487208366394]
[0.08562222868204117]
[0.054673224687576294]
[0.05942288041114807]
[0.057555411010980606]
[0.1362968385219574]
[0.05561567097902298]
[0.8997864127159119]
[0.0646274983882904]
[0.05681948736310005]
[0.13577361404895782]
[0.05676638334989548]
[0.07525124400854111]
[0.06827444583177567]
[0.05797508358955383]
[0.07783038169145584]
[0.0559668093919754]
[0.14252358675003052]
[0.0695323795080185]
[0.058668702840805054]
[0.060861360281705856]
[0.9802570939064026]
[0.05436306074261665]
[0.05494942516088486]
[0.05833170562982559]
[0.05495394021272659]
[0.05277974158525467]
[0.0592443011701107]
[0.060185521841049194]
[0.15597574412822723]
[0.057343002408742905]
[0.055650655180215836]
[0.08839895576238632]
[0.07476428896188736]
[0.05773323029279709]
[0.05740122124552727]
[0.9866983890533447]
[0.9841155409812927]
[0.9855750799179077]
[0.9859462380409241]
[0.9847820401191711]
[0.9855518341064453]
[0.986721396446228]
[0.9858043193817139]
[0.9851092100143433]
[0.9793227314949036]
[0.986615002155304]
[0.9814898371696472]
[0.9689467549324036]
[0.9759023785591125]
[0.9801636338233948]
[0.9809513092041016]
[0.9844444990158081]
[0.9605569243431091]
[0.982801616191864]
[0.9826251268386841]
[0.983371913433075]
[0.9847434759140015]
[0.9856231212615967]
[0.9855944514274597]
[0.27359485626220703]
[0.10074536502361298]
[0.06590819358825684]
[0.9731751084327698]
[0.8217647075653076]
[0.15624399483203888]
[0.9832113981246948]
[0.8783214092254639]
[0.6652402877807617]
[0.072231225669384]
[0.06988393515348434]
[0.3158082067966461]
[0.9862647652626038]
[0.9866081476211548]
[0.9865530133247375]
[0.9860886931419373]
[0.9793316125869751]
[0.985874593257904]
[0.9850128889083862]
[0.9846140146255493]
[0.04673128202557564]
[0.9764036536216736]
[0.9838464260101318]
[0.06963879615068436]
[0.06053440645337105]
[0.7986501455307007]
[0.9815764427185059]
[0.9849986433982849]
[0.9831451177597046]
[0.983417809009552]
[0.9827755093574524]
[0.7804129719734192]
[0.047362182289361954]
[0.4319874048233032]
[0.7300882339477539]
[0.044863417744636536]
[0.04529962316155434]
[0.9290509223937988]
[0.965193510055542]
[0.962874710559845]
[0.1069246232509613]
[0.2527906596660614]
[0.38685211539268494]
[0.979327380657196]
[0.9808661937713623]
[0.9803553819656372]
[0.9833225011825562]
[0.9813235402107239]
[0.9799056649208069]
[0.9836931824684143]
[0.9771750569343567]
[0.9790729284286499]
[0.9792328476905823]
[0.9784231781959534]
[0.9802963733673096]
[0.9778724312782288]
[0.9812812209129333]
[0.9770902395248413]
[0.977425754070282]
[0.9783080220222473]
[0.9740036129951477]
[0.9810900092124939]
[0.9823566675186157]
[0.9830423593521118]
[0.9733096957206726]
[0.9332315921783447]
[0.7725077271461487]
[0.9724719524383545]
[0.25840356945991516]
[0.2723029553890228]
[0.9415817260742188]
[0.4982203543186188]
[0.26472562551498413]
[0.9567745327949524]
[0.9614874720573425]
[0.9830921292304993]
[0.9848220944404602]
[0.9506703615188599]
[0.9843003153800964]
[0.9822677969932556]
[0.9816214442253113]
[0.9816438555717468]
[0.9835012555122375]
[0.9859012961387634]
[0.9789567589759827]
[0.9601771831512451]
[0.9855052828788757]
[0.9850569367408752]
[0.9854587316513062]
[0.9849040508270264]
[0.9857460260391235]
[0.9859485626220703]
[0.9758711457252502]
[0.9788745045661926]
[0.9851775169372559]
[0.9858186841011047]
[0.9811379909515381]
[0.9827426671981812]
[0.9850717782974243]
[0.9851372241973877]
[0.9856581091880798]
[0.9854382276535034]
[0.9801945686340332]
[0.9731972217559814]
[0.9833263754844666]
[0.9852219223976135]
[0.9846526980400085]
[0.9845811724662781]
[0.9856362342834473]
[0.9844639897346497]
[0.9835016131401062]
[0.9856324195861816]
[0.9858308434486389]
[0.9844174385070801]
[0.9849385023117065]
[0.9772610068321228]
[0.9808676838874817]
[0.6699115037918091]
[0.9828669428825378]
[0.9844227433204651]
[0.9848067760467529]
[0.9776248931884766]
[0.9823797941207886]
[0.07604801654815674]
[0.9735447764396667]
[0.18887904286384583]
[0.07442539185285568]
[0.0746825560927391]
[0.972064197063446]
[0.7158390879631042]
[0.62445467710495]
[0.9842424392700195]
[0.3467201888561249]
[0.5696536898612976]
[0.9794319272041321]
[0.9628103971481323]
[0.9496236443519592]
[0.048687875270843506]
[0.04775915667414665]
[0.16568724811077118]
[0.049536801874637604]
[0.9570218920707703]
[0.9235619306564331]
[0.084110327064991]
[0.07761499285697937]
[0.8308408856391907]
[0.9851579070091248]
[0.9778863191604614]
[0.7723783254623413]
[0.07817478477954865]
[0.6313955187797546]
[0.15561242401599884]
[0.15044620633125305]
[0.09276315569877625]
[0.8724091053009033]
[0.18288666009902954]
[0.07478201389312744]
[0.44755157828330994]
[0.38089519739151]
[0.983916699886322]
[0.11685602366924286]
[0.9715675115585327]
[0.9177117943763733]
[0.9676663875579834]
[0.7412948608398438]
[0.9823856949806213]
[0.9847874045372009]
[0.9843446612358093]
[0.9824448227882385]
[0.9852679967880249]
[0.9822409749031067]
[0.9838324189186096]
[0.9840510487556458]
[0.9855139255523682]
[0.9835583567619324]
[0.9845811724662781]
[0.9851375818252563]
[0.9811614751815796]
[0.985929548740387]
[0.9847239255905151]
[0.9851843118667603]
[0.8313006162643433]
[0.18718409538269043]
[0.9324696660041809]
[0.9817631840705872]
[0.9332790374755859]
[0.8617929220199585]
[0.9807512760162354]
[0.9676688313484192]
[0.9696863293647766]
[0.9705941081047058]
[0.14858955144882202]
[0.3100126087665558]
[0.0781499519944191]
[0.05999857932329178]
[0.06030452251434326]
[0.07112645357847214]
[0.22873516380786896]
[0.14940090477466583]
[0.8834974765777588]
[0.0762399435043335]
[0.10130935907363892]
[0.05832616612315178]
[0.06457171589136124]
[0.06017329543828964]
[0.05342157185077667]
[0.06995108723640442]
[0.17866088449954987]
[0.15663783252239227]
[0.6306065917015076]
[0.9760345220565796]
[0.9820371866226196]
[0.5572496056556702]
[0.06394315510988235]
[0.9650770425796509]
[0.9681738615036011]
[0.9423485994338989]
[0.064922995865345]
[0.957925021648407]
[0.05500948801636696]
[0.056807294487953186]
[0.058812376111745834]
[0.058125004172325134]
[0.9848380088806152]
[0.9363624453544617]
[0.9767712354660034]
[0.9555373787879944]
[0.9756417870521545]
[0.9815572500228882]
[0.9252647757530212]
[0.16820292174816132]
[0.9848011136054993]
[0.9835718870162964]
[0.9739174246788025]
[0.9844426512718201]
[0.07195420563220978]
[0.23036208748817444]
[0.402158260345459]
[0.06559345126152039]
[0.973884642124176]
[0.6735341548919678]
[0.0606624111533165]
[0.956169605255127]
[0.055815886706113815]
[0.05654677376151085]
[0.06025258079171181]
[0.9582923054695129]
[0.1268208622932434]
[0.0630519762635231]
[0.8087654113769531]
[0.05518359690904617]
[0.0828518196940422]
[0.0553811751306057]
[0.05980613827705383]
[0.05312671884894371]
[0.47121500968933105]
[0.0758964791893959]
[0.10940127819776535]
[0.060435701161623]
[0.06589202582836151]
[0.09090213477611542]
[0.26228687167167664]
[0.0556943379342556]
[0.3683468997478485]
[0.08352108299732208]
[0.05861637368798256]
[0.06590428203344345]
[0.8051254749298096]
[0.9368150234222412]
[0.09163402020931244]
[0.09516353160142899]
[0.9844687581062317]
[0.9802865386009216]
[0.9789775609970093]
[0.06318284571170807]
[0.06499651074409485]
[0.061822324991226196]
[0.8860554099082947]
[0.9727779626846313]
[0.12542518973350525]
[0.24006105959415436]
[0.46997499465942383]
[0.07531122118234634]
[0.06784412264823914]
[0.15009519457817078]
[0.25299403071403503]
[0.8624752163887024]
[0.9556712508201599]
[0.14234580099582672]
[0.5088782906532288]
[0.9702596664428711]
[0.942443311214447]
[0.9513819813728333]
[0.9852251410484314]
[0.9833380579948425]
[0.3176811933517456]
[0.978654682636261]
[0.9577042460441589]
[0.9764657020568848]
[0.9183515906333923]
[0.974115252494812]
[0.9844675064086914]
[0.08929232507944107]
[0.054075937718153]
[0.05017195641994476]
[0.05162397027015686]
[0.4940287470817566]
[0.9767465591430664]
[0.059436291456222534]
[0.0530480295419693]
[0.069832444190979]
[0.06380219012498856]
[0.06271695345640182]
[0.08249141275882721]
[0.06415153294801712]
[0.09114362299442291]
[0.07606450468301773]
[0.051461413502693176]
[0.9187061190605164]
[0.8947622179985046]
[0.9752589464187622]
[0.9808830618858337]
[0.1385975182056427]
[0.06137913092970848]
[0.0617850236594677]
[0.9797403216362]
[0.9789099097251892]
[0.9778820872306824]
[0.9527442455291748]
[0.9767016172409058]
[0.9765459895133972]
[0.9675658345222473]
[0.8823397755622864]
