[0.009099084883928299]
[0.9914754629135132]
[0.9941441416740417]
[0.018055258318781853]
[0.9956755042076111]
[0.9917888045310974]
[0.9960755705833435]
[0.9962854385375977]
[0.9875077605247498]
[0.9957269430160522]
[0.9967193007469177]
[0.9965973496437073]
[0.9961581826210022]
[0.9954264760017395]
[0.9917044639587402]
[0.9903926849365234]
[0.5030012726783752]
[0.025410234928131104]
[0.7852356433868408]
[0.006944291293621063]
[0.007325537968426943]
[0.008109486661851406]
[0.9766383171081543]
[0.9952797889709473]
[0.9948424696922302]
[0.9932774901390076]
[0.9953129291534424]
[0.9939186573028564]
[0.9922810196876526]
[0.9873459935188293]
[0.9935227632522583]
[0.9918992519378662]
[0.07695478945970535]
[0.9902046918869019]
[0.9934086799621582]
[0.994327962398529]
[0.9888907670974731]
[0.936042308807373]
[0.9854332804679871]
[0.9942880272865295]
[0.9894450306892395]
[0.9937992691993713]
[0.9887582063674927]
[0.985943078994751]
[0.9934569001197815]
[0.9935842156410217]
[0.9944173097610474]
[0.9840962886810303]
[0.007882432080805302]
[0.007777555380016565]
[0.008576544001698494]
[0.9910424947738647]
[0.9855382442474365]
[0.013113296590745449]
[0.008677806705236435]
[0.010107886046171188]
[0.00932108424603939]
[0.9877771735191345]
[0.019359417259693146]
[0.00770159624516964]
[0.00844502355903387]
[0.018257491290569305]
[0.9125100374221802]
[0.007314329035580158]
[0.050956498831510544]
[0.011473311111330986]
[0.9942252039909363]
[0.9951393604278564]
[0.25144490599632263]
[0.9940415024757385]
[0.9205420613288879]
[0.010277416557073593]
[0.007386386394500732]
[0.9951076507568359]
[0.13534535467624664]
[0.008955047465860844]
[0.011856287717819214]
[0.9953741431236267]
[0.9959230422973633]
[0.012742237187922001]
[0.9826935529708862]
[0.996507465839386]
[0.9953385591506958]
[0.9966037273406982]
[0.9965835809707642]
[0.9960298538208008]
[0.9965468049049377]
[0.9955214262008667]
[0.9966927766799927]
[0.9957784414291382]
[0.9940999150276184]
[0.010586859658360481]
[0.04458857700228691]
[0.007738649379462004]
[0.008890090510249138]
[0.9958198070526123]
[0.9966766834259033]
[0.9957144856452942]
[0.9960197806358337]
[0.9963473677635193]
[0.9959012866020203]
[0.9954000115394592]
[0.9919477105140686]
[0.9922382235527039]
[0.007255729753524065]
[0.007408748846501112]
[0.008537886664271355]
[0.5475950837135315]
[0.011069289408624172]
[0.014660128392279148]
[0.026763424277305603]
[0.008734478615224361]
[0.9965620636940002]
[0.9954732060432434]
[0.9962437152862549]
[0.012884792871773243]
[0.9942688941955566]
[0.010717518627643585]
[0.9844864010810852]
[0.020707329735159874]
[0.007520953193306923]
[0.007564765401184559]
[0.0074240523390471935]
[0.007565918378531933]
[0.007738286629319191]
[0.008968329057097435]
[0.9554592370986938]
[0.007187041454017162]
[0.007242007181048393]
[0.013478169217705727]
[0.0085537638515234]
[0.007200121413916349]
[0.00744109321385622]
[0.007313893176615238]
[0.007720137480646372]
[0.006899350788444281]
[0.0071436078287661076]
[0.006898125633597374]
[0.00801771879196167]
[0.007878987118601799]
[0.9823957085609436]
[0.007562418468296528]
[0.00977847259491682]
[0.008082322776317596]
[0.007307123858481646]
[0.00877179205417633]
[0.008035159669816494]
[0.007382467854768038]
[0.00807955116033554]
[0.009286902844905853]
[0.007686781696975231]
[0.008989552967250347]
[0.016039349138736725]
[0.007058132439851761]
[0.008522512391209602]
[0.9963458180427551]
[0.9965004920959473]
[0.9962677359580994]
[0.9940223097801208]
[0.9951764345169067]
[0.995731770992279]
[0.996411144733429]
[0.9964040517807007]
[0.996721088886261]
[0.9949603080749512]
[0.9883612990379333]
[0.9875023365020752]
[0.08552461117506027]
[0.9928410053253174]
[0.9889567494392395]
[0.9944965243339539]
[0.994492769241333]
[0.9598019123077393]
[0.9918619394302368]
[0.9922021627426147]
[0.9932726621627808]
[0.9791586399078369]
[0.996141254901886]
[0.9963106513023376]
[0.008649483323097229]
[0.00872920360416174]
[0.007752998266369104]
[0.9935234785079956]
[0.506584107875824]
[0.010108468122780323]
[0.9960720539093018]
[0.06036490201950073]
[0.046265095472335815]
[0.00726062897592783]
[0.007565428502857685]
[0.9852553606033325]
[0.9953209757804871]
[0.9959945678710938]
[0.9953183531761169]
[0.9951571822166443]
[0.9917551279067993]
[0.9958820343017578]
[0.9948806762695312]
[0.993375837802887]
[0.007996845059096813]
[0.994228720664978]
[0.9940709471702576]
[0.009131149388849735]
[0.07824171334505081]
[0.9775809049606323]
[0.9926596283912659]
[0.9946984052658081]
[0.9958257675170898]
[0.9955211877822876]
[0.9925031661987305]
[0.9814101457595825]
[0.009096539579331875]
[0.40209928154945374]
[0.016911156475543976]
[0.007650640793144703]
[0.007514954078942537]
[0.11080063879489899]
[0.9943932294845581]
[0.012870761565864086]
[0.00878597516566515]
[0.013888807967305183]
[0.009563477709889412]
[0.9809695482254028]
[0.9958111047744751]
[0.9965483546257019]
[0.995461642742157]
[0.9955493211746216]
[0.9937252402305603]
[0.9958679676055908]
[0.9929152727127075]
[0.9886596202850342]
[0.9936853051185608]
[0.9957683086395264]
[0.995689332485199]
[0.9478587508201599]
[0.9916043877601624]
[0.9929031729698181]
[0.2468520700931549]
[0.9960131645202637]
[0.7799463868141174]
[0.14729522168636322]
[0.7251221537590027]
[0.9872346520423889]
[0.014144531451165676]
[0.2704741358757019]
[0.050344318151474]
[0.9960397481918335]
[0.008809568360447884]
[0.011293860152363777]
[0.012064379639923573]
[0.9891021251678467]
[0.6386110186576843]
[0.012348120100796223]
[0.9923803806304932]
[0.9939991235733032]
[0.9956014156341553]
[0.01371600292623043]
[0.9961517453193665]
[0.9921793937683105]
[0.9947165846824646]
[0.9921905398368835]
[0.9892587065696716]
[0.9958200454711914]
[0.9901430606842041]
[0.9960222840309143]
[0.9958970546722412]
[0.9937561750411987]
[0.9918146729469299]
[0.9793248772621155]
[0.9928423166275024]
[0.9930698275566101]
[0.5587353110313416]
[0.029714416712522507]
[0.9964414238929749]
[0.9944307208061218]
[0.9674009084701538]
[0.9803426861763]
[0.9923417568206787]
[0.9931893348693848]
[0.9897541403770447]
[0.9820659756660461]
[0.9724173545837402]
[0.03125635161995888]
[0.9957485795021057]
[0.9938619136810303]
[0.9963843822479248]
[0.9930886626243591]
[0.9916381239891052]
[0.9950693845748901]
[0.9954166412353516]
[0.9894333481788635]
[0.9906737208366394]
[0.992004930973053]
[0.9800912737846375]
[0.989887535572052]
[0.9906398057937622]
[0.9935513734817505]
[0.9859353303909302]
[0.9933318495750427]
[0.9885643124580383]
[0.9900598526000977]
[0.9957491159439087]
[0.457825630903244]
[0.9854305982589722]
[0.817038893699646]
[0.01235260535031557]
[0.017250867560505867]
[0.9960265159606934]
[0.02803560346364975]
[0.8636349439620972]
[0.9952972531318665]
[0.02260594069957733]
[0.2384110391139984]
[0.9811881184577942]
[0.9569306373596191]
[0.9868747591972351]
[0.022189659997820854]
[0.009835325181484222]
[0.015858380123972893]
[0.701336145401001]
[0.9815071821212769]
[0.983833372592926]
[0.015757324174046516]
[0.1727505922317505]
[0.970615804195404]
[0.9954991936683655]
[0.504522979259491]
[0.9490235447883606]
[0.051666874438524246]
[0.20936991274356842]
[0.9787266254425049]
[0.7482513785362244]
[0.009575217962265015]
[0.01598174497485161]
[0.9602580666542053]
[0.06817959249019623]
[0.0236128568649292]
[0.9907230734825134]
[0.9960902333259583]
[0.9927593469619751]
[0.022204609587788582]
[0.9920808672904968]
[0.9944144487380981]
[0.9930771589279175]
[0.9952688813209534]
[0.9957748055458069]
[0.995014488697052]
[0.9934773445129395]
[0.995630145072937]
[0.994474470615387]
[0.9953033924102783]
[0.9958682060241699]
[0.9955472946166992]
[0.9945301413536072]
[0.9957287907600403]
[0.9944623112678528]
[0.9804823398590088]
[0.9957050681114197]
[0.9936118721961975]
[0.9926551580429077]
[0.22802338004112244]
[0.026592262089252472]
[0.9402102828025818]
[0.9927873015403748]
[0.994419276714325]
[0.970787763595581]
[0.9933760762214661]
[0.9897655248641968]
[0.9923216700553894]
[0.9807659387588501]
[0.9820839166641235]
[0.020608501508831978]
[0.022920506075024605]
[0.008599581196904182]
[0.008844916708767414]
[0.018067482858896255]
[0.009119072929024696]
[0.028162231668829918]
[0.07873160392045975]
[0.01757904887199402]
[0.016062287613749504]
[0.009010003879666328]
[0.010417659766972065]
[0.009421494789421558]
[0.00881819985806942]
[0.01083362940698862]
[0.24821063876152039]
[0.00911171268671751]
[0.1274954080581665]
[0.9956686496734619]
[0.9902408123016357]
[0.019904211163520813]
[0.018130436539649963]
[0.9918966889381409]
[0.9939064383506775]
[0.46330755949020386]
[0.10721093416213989]
[0.009327484294772148]
[0.008248083293437958]
[0.009623785503208637]
[0.010955380275845528]
[0.011554031632840633]
[0.9963485598564148]
[0.9917812943458557]
[0.9922652244567871]
[0.9871616959571838]
[0.9944664835929871]
[0.9931790828704834]
[0.9834538102149963]
[0.058972083032131195]
[0.9944031238555908]
[0.9942588806152344]
[0.9944661259651184]
[0.9884806871414185]
[0.7928495407104492]
[0.08379200845956802]
[0.19982410967350006]
[0.011612977832555771]
[0.9866772890090942]
[0.8843553066253662]
[0.012317017652094364]
[0.9703238606452942]
[0.010372943244874477]
[0.008038208819925785]
[0.018749289214611053]
[0.9856058955192566]
[0.012302280403673649]
[0.017413219437003136]
[0.2382839173078537]
[0.023848161101341248]
[0.00927084218710661]
[0.009092419408261776]
[0.008715791627764702]
[0.008192204870283604]
[0.01275568176060915]
[0.01488375011831522]
[0.04522387683391571]
[0.02127998135983944]
[0.03043399006128311]
[0.025462882593274117]
[0.034212131053209305]
[0.009543109685182571]
[0.01884511299431324]
[0.020610639825463295]
[0.0124046690762043]
[0.010374695993959904]
[0.9895959496498108]
[0.61126309633255]
[0.009334634058177471]
[0.04694467782974243]
[0.9951668977737427]
[0.9952481389045715]
[0.9944602251052856]
[0.007095078006386757]
[0.0072572724893689156]
[0.011921243742108345]
[0.11469238251447678]
[0.9936715364456177]
[0.10678990930318832]
[0.023906869813799858]
[0.013968681916594505]
[0.007692038547247648]
[0.007092320825904608]
[0.9764069318771362]
[0.010759374126791954]
[0.987893283367157]
[0.030090322718024254]
[0.015507775358855724]
[0.979203462600708]
[0.9490653276443481]
[0.9943373799324036]
[0.9891971945762634]
[0.9909616112709045]
[0.9945183396339417]
[0.7443309426307678]
[0.9951437711715698]
[0.9941686391830444]
[0.014684993773698807]
[0.9699236750602722]
[0.5188672542572021]
[0.9888936877250671]
[0.6456268429756165]
[0.008436726406216621]
[0.009833378717303276]
[0.010439933277666569]
[0.7257822751998901]
[0.9760357737541199]
[0.008143275044858456]
[0.007392887957394123]
[0.007420501671731472]
[0.007960977964103222]
[0.007891696877777576]
[0.008330686949193478]
[0.008185362443327904]
[0.0082253934815526]
[0.008740048855543137]
[0.007121415343135595]
[0.019806990399956703]
[0.06583935022354126]
[0.995823860168457]
[0.993654727935791]
[0.009505778551101685]
[0.00785881094634533]
[0.008421271108090878]
[0.9932344555854797]
[0.9942309856414795]
[0.9818960428237915]
[0.03230922669172287]
[0.9713723063468933]
[0.985014021396637]
[0.9942922592163086]
[0.007507546339184046]
