[0.12799789011478424]
[0.952267050743103]
[0.8714404106140137]
[0.844394862651825]
[0.9714493751525879]
[0.6637076735496521]
[0.9718984365463257]
[0.9759261012077332]
[0.9663604497909546]
[0.9767292737960815]
[0.9605912566184998]
[0.9858323335647583]
[0.9836411476135254]
[0.9825683832168579]
[0.9763907194137573]
[0.493906170129776]
[0.46387597918510437]
[0.9791206121444702]
[0.31808698177337646]
[0.09505114704370499]
[0.10978221148252487]
[0.1498296707868576]
[0.8861649036407471]
[0.9599376320838928]
[0.4135301411151886]
[0.9841720461845398]
[0.9863037467002869]
[0.9797006249427795]
[0.9004756808280945]
[0.9622865319252014]
[0.9716967940330505]
[0.9853225946426392]
[0.790776252746582]
[0.9765740633010864]
[0.9808387756347656]
[0.9809030294418335]
[0.979604959487915]
[0.9734536409378052]
[0.9570317268371582]
[0.9739487767219543]
[0.9725196361541748]
[0.972405731678009]
[0.9628722071647644]
[0.980948805809021]
[0.9631069898605347]
[0.9772424101829529]
[0.9694510102272034]
[0.7102565169334412]
[0.1072186604142189]
[0.2106577306985855]
[0.2577926516532898]
[0.9796521067619324]
[0.9674780964851379]
[0.9439982175827026]
[0.17267534136772156]
[0.18459884822368622]
[0.13870905339717865]
[0.38658028841018677]
[0.5280351638793945]
[0.10683050006628036]
[0.12358520925045013]
[0.9174824357032776]
[0.5158516764640808]
[0.09726499021053314]
[0.41081559658050537]
[0.3237353563308716]
[0.9699557423591614]
[0.9814661741256714]
[0.22952379286289215]
[0.9710177779197693]
[0.4815293848514557]
[0.2637021839618683]
[0.18892519176006317]
[0.980890154838562]
[0.9547017216682434]
[0.13002213835716248]
[0.9540655612945557]
[0.9829434156417847]
[0.9856790900230408]
[0.9161899089813232]
[0.9798276424407959]
[0.9880746006965637]
[0.9865869879722595]
[0.9880077838897705]
[0.98459792137146]
[0.9883783459663391]
[0.9854387044906616]
[0.9840058088302612]
[0.9868847131729126]
[0.9875600934028625]
[0.9867117404937744]
[0.7562065720558167]
[0.971076250076294]
[0.2105609029531479]
[0.1364671289920807]
[0.9833043813705444]
[0.984309196472168]
[0.9862642884254456]
[0.9842162728309631]
[0.9870520830154419]
[0.9840093851089478]
[0.9714905619621277]
[0.9671705961227417]
[0.9793422818183899]
[0.13393644988536835]
[0.27438244223594666]
[0.14160631597042084]
[0.9733660817146301]
[0.9713607430458069]
[0.9496018290519714]
[0.852220892906189]
[0.16132667660713196]
[0.5175890922546387]
[0.9663030505180359]
[0.9571470618247986]
[0.6845242381095886]
[0.8043141961097717]
[0.6063978672027588]
[0.6268541216850281]
[0.4735433757305145]
[0.10114194452762604]
[0.12171091139316559]
[0.09475219249725342]
[0.11507994681596756]
[0.11478172987699509]
[0.1445319950580597]
[0.4035899043083191]
[0.11286406219005585]
[0.11178372800350189]
[0.3033050298690796]
[0.09549781680107117]
[0.1289939433336258]
[0.10101468116044998]
[0.10742738842964172]
[0.11130056530237198]
[0.09758634120225906]
[0.09853245317935944]
[0.10646117478609085]
[0.1037711352109909]
[0.09655088931322098]
[0.41016751527786255]
[0.11200779676437378]
[0.12500740587711334]
[0.10920237749814987]
[0.10338537395000458]
[0.10856932401657104]
[0.10076464712619781]
[0.11919057369232178]
[0.2392430603504181]
[0.10531748831272125]
[0.10219701379537582]
[0.21723617613315582]
[0.1804797202348709]
[0.10131848603487015]
[0.125375896692276]
[0.9853129982948303]
[0.985529363155365]
[0.9840719103813171]
[0.9851343631744385]
[0.9835368990898132]
[0.9836938977241516]
[0.9868084788322449]
[0.9847405552864075]
[0.9834446907043457]
[0.9741486310958862]
[0.977532148361206]
[0.9649984240531921]
[0.891099750995636]
[0.7759997248649597]
[0.9694228768348694]
[0.9733530879020691]
[0.9835224747657776]
[0.25681033730506897]
[0.9762851595878601]
[0.9717464447021484]
[0.978736400604248]
[0.9729772210121155]
[0.9824873805046082]
[0.9768178462982178]
[0.13253556191921234]
[0.19294406473636627]
[0.11904178559780121]
[0.9765690565109253]
[0.738320529460907]
[0.1937185376882553]
[0.9663288593292236]
[0.9571850299835205]
[0.22831596434116364]
[0.10727616399526596]
[0.10052397847175598]
[0.7275378704071045]
[0.9868489503860474]
[0.9866445660591125]
[0.9864134788513184]
[0.9853398203849792]
[0.9741225838661194]
[0.9870538115501404]
[0.9836697578430176]
[0.9813352823257446]
[0.11483462899923325]
[0.9656943082809448]
[0.9653586745262146]
[0.24082335829734802]
[0.8817750215530396]
[0.8954536318778992]
[0.9783589243888855]
[0.9774681329727173]
[0.9853003621101379]
[0.9759736657142639]
[0.9783356785774231]
[0.824612021446228]
[0.20486928522586823]
[0.43325379490852356]
[0.37585875391960144]
[0.12169802933931351]
[0.11702910810709]
[0.38555973768234253]
[0.6312794089317322]
[0.6168690323829651]
[0.14287710189819336]
[0.2558703124523163]
[0.3359057605266571]
[0.9667809009552002]
[0.9089789986610413]
[0.9626171588897705]
[0.9734455943107605]
[0.9802451729774475]
[0.9782108664512634]
[0.9770441651344299]
[0.9674359560012817]
[0.9636684060096741]
[0.9684103727340698]
[0.979806125164032]
[0.9812078475952148]
[0.9789044260978699]
[0.9739884734153748]
[0.96702641248703]
[0.9579169154167175]
[0.950925886631012]
[0.7226861715316772]
[0.8603277206420898]
[0.5563324093818665]
[0.9101287722587585]
[0.24684785306453705]
[0.38827455043792725]
[0.840930163860321]
[0.4820273518562317]
[0.2994421720504761]
[0.3415346145629883]
[0.45970115065574646]
[0.9727283716201782]
[0.9503195881843567]
[0.6293198466300964]
[0.9816222190856934]
[0.9824991226196289]
[0.9823495745658875]
[0.9492813944816589]
[0.9824939370155334]
[0.9774519801139832]
[0.9833009243011475]
[0.9829204678535461]
[0.9836808443069458]
[0.9841512441635132]
[0.9803717732429504]
[0.9738767147064209]
[0.9849441647529602]
[0.9846848249435425]
[0.9813038110733032]
[0.979790210723877]
[0.9841815233230591]
[0.9808897972106934]
[0.9761844873428345]
[0.978232741355896]
[0.9847399592399597]
[0.9832019209861755]
[0.9777042865753174]
[0.9814193248748779]
[0.9836628437042236]
[0.9806811213493347]
[0.9816563725471497]
[0.9803196787834167]
[0.9752419590950012]
[0.9738301634788513]
[0.9774266481399536]
[0.98478102684021]
[0.9738851189613342]
[0.9828160405158997]
[0.9818858504295349]
[0.9838670492172241]
[0.9841054081916809]
[0.9807099103927612]
[0.9808712601661682]
[0.9672996401786804]
[0.9812832474708557]
[0.98426753282547]
[0.9839821457862854]
[0.9010184407234192]
[0.9707512259483337]
[0.9804272651672363]
[0.9721536636352539]
[0.9772229790687561]
[0.9665297269821167]
[0.8876441121101379]
[0.9556949734687805]
[0.9743083715438843]
[0.6772791743278503]
[0.4808572232723236]
[0.8278382420539856]
[0.9755624532699585]
[0.9708596467971802]
[0.9779190421104431]
[0.7471312880516052]
[0.9593774080276489]
[0.9675120115280151]
[0.8400463461875916]
[0.9748125672340393]
[0.3992975354194641]
[0.36299747228622437]
[0.6833005547523499]
[0.4432273209095001]
[0.979166567325592]
[0.9650251865386963]
[0.802405595779419]
[0.8333477973937988]
[0.9771137833595276]
[0.9793174266815186]
[0.9649778008460999]
[0.9694927930831909]
[0.5074852108955383]
[0.9573013782501221]
[0.96244877576828]
[0.955916702747345]
[0.6377659440040588]
[0.5888481736183167]
[0.4754365384578705]
[0.26745229959487915]
[0.8683996796607971]
[0.8749564290046692]
[0.9808239936828613]
[0.7696324586868286]
[0.9649691581726074]
[0.9606480002403259]
[0.9726982712745667]
[0.9781033992767334]
[0.9794091582298279]
[0.9848719239234924]
[0.9728947877883911]
[0.9828464388847351]
[0.986289918422699]
[0.9828118681907654]
[0.981374204158783]
[0.9773001670837402]
[0.9869356751441956]
[0.9738979935646057]
[0.9840732216835022]
[0.9707483053207397]
[0.9733908176422119]
[0.9872323274612427]
[0.9827262163162231]
[0.9843459725379944]
[0.58677738904953]
[0.6120381951332092]
[0.32262200117111206]
[0.9564608335494995]
[0.9425252079963684]
[0.39904648065567017]
[0.9804826974868774]
[0.9145089983940125]
[0.9460253119468689]
[0.48945364356040955]
[0.49046504497528076]
[0.3008909523487091]
[0.3337182104587555]
[0.11810747534036636]
[0.10676959902048111]
[0.22008970379829407]
[0.3756803870201111]
[0.4385760426521301]
[0.41299113631248474]
[0.2270161509513855]
[0.4526033401489258]
[0.09456600248813629]
[0.20903022587299347]
[0.11677177995443344]
[0.19418877363204956]
[0.18943235278129578]
[0.7881264686584473]
[0.33819881081581116]
[0.4415051341056824]
[0.9741841554641724]
[0.9611552357673645]
[0.16451360285282135]
[0.10333508253097534]
[0.9592416882514954]
[0.9774559140205383]
[0.9432969689369202]
[0.19154144823551178]
[0.2956615090370178]
[0.15419094264507294]
[0.16131393611431122]
[0.1590740978717804]
[0.15984539687633514]
[0.981891930103302]
[0.9633235335350037]
[0.9595175385475159]
[0.9274292588233948]
[0.9627121686935425]
[0.9736002683639526]
[0.9180150628089905]
[0.5770012736320496]
[0.9222753643989563]
[0.9317415356636047]
[0.8858605027198792]
[0.919752299785614]
[0.1663120537996292]
[0.4476906955242157]
[0.39781832695007324]
[0.2150338739156723]
[0.9322988986968994]
[0.8431766629219055]
[0.22524043917655945]
[0.9524746537208557]
[0.14467757940292358]
[0.1014154702425003]
[0.47306135296821594]
[0.5026315450668335]
[0.35955554246902466]
[0.17778508365154266]
[0.6374850273132324]
[0.3002890944480896]
[0.19287504255771637]
[0.1628592610359192]
[0.31124210357666016]
[0.22834494709968567]
[0.2339816689491272]
[0.30029043555259705]
[0.7787643074989319]
[0.3795044422149658]
[0.39843133091926575]
[0.4898149371147156]
[0.4910944998264313]
[0.1431884765625]
[0.45877954363822937]
[0.44836607575416565]
[0.14502671360969543]
[0.2146475464105606]
[0.773456871509552]
[0.9608217477798462]
[0.3238524794578552]
[0.3421524465084076]
[0.9785711169242859]
[0.9747902154922485]
[0.971972644329071]
[0.11712014675140381]
[0.15965357422828674]
[0.21191979944705963]
[0.5592978000640869]
[0.977277398109436]
[0.3066558539867401]
[0.2519296109676361]
[0.8961285948753357]
[0.10133376717567444]
[0.10852067172527313]
[0.21232043206691742]
[0.2152942419052124]
[0.9675293564796448]
[0.9718170166015625]
[0.3241620361804962]
[0.9745804667472839]
[0.8359795808792114]
[0.9450584053993225]
[0.8684711456298828]
[0.9766377210617065]
[0.9445937275886536]
[0.3832688331604004]
[0.97652268409729]
[0.9640052914619446]
[0.34274744987487793]
[0.9667118191719055]
[0.4893381893634796]
[0.9694443941116333]
[0.47549793124198914]
[0.10822746902704239]
[0.12696702778339386]
[0.1460074931383133]
[0.5126478672027588]
[0.8793732523918152]
[0.10363612323999405]
[0.11557477712631226]
[0.15109600126743317]
[0.10407783091068268]
[0.11592745780944824]
[0.33892685174942017]
[0.16070976853370667]
[0.15892888605594635]
[0.25099390745162964]
[0.12442319840192795]
[0.5115447640419006]
[0.5904002785682678]
[0.9274369478225708]
[0.9236747622489929]
[0.2344626933336258]
[0.15106657147407532]
[0.17421270906925201]
[0.9856089949607849]
[0.9806268811225891]
[0.9647449851036072]
[0.21957434713840485]
[0.9675692915916443]
[0.944174587726593]
[0.9756569862365723]
[0.17728163301944733]
