[0.14050666987895966]
[0.9146490097045898]
[0.9545729756355286]
[0.9531417489051819]
[0.9845277667045593]
[0.7990564703941345]
[0.9887722134590149]
[0.9895512461662292]
[0.9807066917419434]
[0.987700879573822]
[0.9799652099609375]
[0.9919450879096985]
[0.9911218881607056]
[0.9915711879730225]
[0.9890401363372803]
[0.8406846523284912]
[0.4891412556171417]
[0.9909462928771973]
[0.3399401009082794]
[0.060978978872299194]
[0.0597895123064518]
[0.2070317417383194]
[0.9727276563644409]
[0.9834739565849304]
[0.8436504602432251]
[0.9906629323959351]
[0.9898596405982971]
[0.9925655126571655]
[0.9848667979240417]
[0.9910510778427124]
[0.9908877611160278]
[0.9914398193359375]
[0.9537138938903809]
[0.9913191199302673]
[0.9914047718048096]
[0.9894636869430542]
[0.9909529685974121]
[0.9897202849388123]
[0.9906120896339417]
[0.9914082884788513]
[0.9899893999099731]
[0.984456479549408]
[0.9818347692489624]
[0.9919853210449219]
[0.990157425403595]
[0.9910244941711426]
[0.9847108721733093]
[0.9075046181678772]
[0.043836209923028946]
[0.11381489783525467]
[0.186698779463768]
[0.9923272728919983]
[0.9875890612602234]
[0.9580268859863281]
[0.23754644393920898]
[0.19148099422454834]
[0.18068163096904755]
[0.3897594213485718]
[0.35772743821144104]
[0.038825470954179764]
[0.04271669685840607]
[0.4584708511829376]
[0.8060356378555298]
[0.029498985037207603]
[0.4791949689388275]
[0.13552844524383545]
[0.9830885529518127]
[0.990149974822998]
[0.3171510398387909]
[0.9866828918457031]
[0.6557771563529968]
[0.8548022508621216]
[0.7519184350967407]
[0.9842735528945923]
[0.9631580710411072]
[0.11318666487932205]
[0.952383816242218]
[0.987878143787384]
[0.9890930652618408]
[0.3947692811489105]
[0.985491931438446]
[0.9910759925842285]
[0.9897345304489136]
[0.9907123446464539]
[0.9912661910057068]
[0.9914196729660034]
[0.9901127815246582]
[0.9908559322357178]
[0.9910798668861389]
[0.9906912446022034]
[0.989250659942627]
[0.7548163533210754]
[0.9650757312774658]
[0.15646079182624817]
[0.0642913281917572]
[0.9807924628257751]
[0.9876156449317932]
[0.988837480545044]
[0.990292489528656]
[0.9909163117408752]
[0.9881793260574341]
[0.9853810667991638]
[0.9426889419555664]
[0.9857051372528076]
[0.20574885606765747]
[0.23952226340770721]
[0.06418366730213165]
[0.9817164540290833]
[0.9580763578414917]
[0.9610145092010498]
[0.8744462132453918]
[0.07129151374101639]
[0.8875395059585571]
[0.9822630286216736]
[0.9854474067687988]
[0.6130492091178894]
[0.7714187502861023]
[0.6785150170326233]
[0.6441606879234314]
[0.5541138648986816]
[0.03162717819213867]
[0.04818259924650192]
[0.09049318730831146]
[0.03929378092288971]
[0.07659372687339783]
[0.09133931249380112]
[0.6655973792076111]
[0.030136020854115486]
[0.04600241780281067]
[0.4901238977909088]
[0.025050440803170204]
[0.045311205089092255]
[0.0351487435400486]
[0.04450686275959015]
[0.03329284116625786]
[0.05088614672422409]
[0.04396803304553032]
[0.059244949370622635]
[0.0738396868109703]
[0.033025652170181274]
[0.41704344749450684]
[0.042157240211963654]
[0.0417509526014328]
[0.029576649889349937]
[0.06418909877538681]
[0.036596111953258514]
[0.04404982179403305]
[0.1021251305937767]
[0.2619239389896393]
[0.024902502074837685]
[0.028021153062582016]
[0.21662430465221405]
[0.17242753505706787]
[0.032595764845609665]
[0.0741126760840416]
[0.9921475052833557]
[0.9919812679290771]
[0.991158664226532]
[0.9925246834754944]
[0.9911829233169556]
[0.9908762574195862]
[0.9921436309814453]
[0.9910467267036438]
[0.9912762641906738]
[0.9730976819992065]
[0.984904408454895]
[0.9084420204162598]
[0.7548288702964783]
[0.7809155583381653]
[0.9580268859863281]
[0.9356241822242737]
[0.9880529642105103]
[0.9187251925468445]
[0.9581288695335388]
[0.9804710149765015]
[0.9658064842224121]
[0.97561115026474]
[0.9845404028892517]
[0.9855843186378479]
[0.08052903413772583]
[0.1732839196920395]
[0.084164097905159]
[0.98780357837677]
[0.9488322734832764]
[0.14758779108524323]
[0.975489616394043]
[0.8332828879356384]
[0.3339717984199524]
[0.03828136622905731]
[0.036017045378685]
[0.7349712252616882]
[0.9902896285057068]
[0.9916150569915771]
[0.9889022707939148]
[0.9916681051254272]
[0.9864823818206787]
[0.9913723468780518]
[0.9875128865242004]
[0.9746330380439758]
[0.030988292768597603]
[0.9845460653305054]
[0.9814733862876892]
[0.2667199671268463]
[0.8775782585144043]
[0.9101988077163696]
[0.9814360737800598]
[0.989646852016449]
[0.9900330901145935]
[0.9898999333381653]
[0.9870060682296753]
[0.9037597179412842]
[0.4961223304271698]
[0.8159710168838501]
[0.9290235638618469]
[0.04294788837432861]
[0.04576147720217705]
[0.5095475316047668]
[0.7280179262161255]
[0.7024164199829102]
[0.1783849000930786]
[0.760457456111908]
[0.344988614320755]
[0.9872444272041321]
[0.9460445046424866]
[0.9659565091133118]
[0.9793888926506042]
[0.9900506138801575]
[0.9895206689834595]
[0.9885573387145996]
[0.9893474578857422]
[0.9684200882911682]
[0.9545403122901917]
[0.9865714907646179]
[0.9855223894119263]
[0.979867696762085]
[0.9518497586250305]
[0.9763308167457581]
[0.9751101136207581]
[0.9643522500991821]
[0.9347283244132996]
[0.9443082809448242]
[0.6527997255325317]
[0.967505693435669]
[0.5167463421821594]
[0.4404112994670868]
[0.8594496250152588]
[0.6825626492500305]
[0.26043567061424255]
[0.33353912830352783]
[0.5708269476890564]
[0.962226390838623]
[0.8527529239654541]
[0.8149282932281494]
[0.9867349863052368]
[0.9890445470809937]
[0.9906212091445923]
[0.9594035148620605]
[0.9896672964096069]
[0.9788515567779541]
[0.9835866093635559]
[0.9892295002937317]
[0.9855219125747681]
[0.9901746511459351]
[0.9879608750343323]
[0.9774896502494812]
[0.9910837411880493]
[0.9913588762283325]
[0.9825316071510315]
[0.9829315543174744]
[0.989704430103302]
[0.9818518161773682]
[0.9858599305152893]
[0.960134744644165]
[0.9906743168830872]
[0.9896474480628967]
[0.9873746037483215]
[0.9852914810180664]
[0.9893575310707092]
[0.9897358417510986]
[0.9898014664649963]
[0.9844777584075928]
[0.9492173790931702]
[0.9508072137832642]
[0.9812183976173401]
[0.9922102689743042]
[0.9866857528686523]
[0.9871952533721924]
[0.9830597639083862]
[0.9877053499221802]
[0.986186146736145]
[0.9847219586372375]
[0.9910035133361816]
[0.976405143737793]
[0.9888172149658203]
[0.9888911247253418]
[0.9901313781738281]
[0.41563326120376587]
[0.946590781211853]
[0.9860483407974243]
[0.9351547360420227]
[0.9740539193153381]
[0.9335819482803345]
[0.8738107085227966]
[0.8787616491317749]
[0.9524988532066345]
[0.3835337162017822]
[0.37650415301322937]
[0.456731379032135]
[0.9214855432510376]
[0.8714990615844727]
[0.9837347269058228]
[0.57522052526474]
[0.8824626803398132]
[0.9869434833526611]
[0.981396496295929]
[0.967648983001709]
[0.6684448719024658]
[0.6783620119094849]
[0.5429571270942688]
[0.701984703540802]
[0.9504285454750061]
[0.8308231830596924]
[0.7055371999740601]
[0.5505328178405762]
[0.985996425151825]
[0.9891601204872131]
[0.9132309556007385]
[0.890956461429596]
[0.3826022446155548]
[0.9407604932785034]
[0.9224928021430969]
[0.9567228555679321]
[0.3433998227119446]
[0.5587666034698486]
[0.7803412675857544]
[0.39813584089279175]
[0.8590195775032043]
[0.9013767838478088]
[0.9846917986869812]
[0.6721901893615723]
[0.941627562046051]
[0.8486881852149963]
[0.9830323457717896]
[0.982284426689148]
[0.9851033091545105]
[0.983828067779541]
[0.9708135724067688]
[0.9770416617393494]
[0.9869160652160645]
[0.9869211912155151]
[0.9838417768478394]
[0.9793298840522766]
[0.9873962998390198]
[0.9721105098724365]
[0.9878035187721252]
[0.9650035500526428]
[0.8905839323997498]
[0.9844744205474854]
[0.9856928586959839]
[0.9872387051582336]
[0.7127912044525146]
[0.7600321173667908]
[0.6220956444740295]
[0.9653522372245789]
[0.9369604587554932]
[0.7862079739570618]
[0.9764862656593323]
[0.9176791906356812]
[0.9374847412109375]
[0.736686110496521]
[0.8110477328300476]
[0.2740354835987091]
[0.34317874908447266]
[0.07143839448690414]
[0.07438003271818161]
[0.40784335136413574]
[0.8623548150062561]
[0.9070688486099243]
[0.3987024128437042]
[0.19909431040287018]
[0.1820288598537445]
[0.04299922659993172]
[0.24053333699703217]
[0.0745796263217926]
[0.21077361702919006]
[0.23934806883335114]
[0.7829871773719788]
[0.603592038154602]
[0.8155471086502075]
[0.9720132946968079]
[0.798919141292572]
[0.15420235693454742]
[0.04706767573952675]
[0.8568199276924133]
[0.9848411679267883]
[0.9248045682907104]
[0.11522866040468216]
[0.22877953946590424]
[0.15792779624462128]
[0.21041721105575562]
[0.1769319474697113]
[0.20197635889053345]
[0.9862827658653259]
[0.8970949053764343]
[0.964917778968811]
[0.9265944957733154]
[0.9610821008682251]
[0.9696155786514282]
[0.7782782912254333]
[0.9343933463096619]
[0.8195210695266724]
[0.7612614631652832]
[0.6612692475318909]
[0.853258490562439]
[0.15971867740154266]
[0.4371649920940399]
[0.6811637878417969]
[0.23929569125175476]
[0.8517416715621948]
[0.8974973559379578]
[0.19915315508842468]
[0.9097933769226074]
[0.1153867095708847]
[0.03291646018624306]
[0.48375681042671204]
[0.8957969546318054]
[0.45114022493362427]
[0.17192170023918152]
[0.5169312357902527]
[0.383971631526947]
[0.2405129224061966]
[0.16281567513942719]
[0.2658829391002655]
[0.23001304268836975]
[0.40753355622291565]
[0.5132644176483154]
[0.7651296854019165]
[0.6168404221534729]
[0.5448958277702332]
[0.7348505854606628]
[0.4205048680305481]
[0.17700107395648956]
[0.6485807299613953]
[0.3657989799976349]
[0.24075494706630707]
[0.23700082302093506]
[0.7829270958900452]
[0.9537902474403381]
[0.31654471158981323]
[0.4423261880874634]
[0.9724618792533875]
[0.9635461568832397]
[0.9239367842674255]
[0.09975897520780563]
[0.18185216188430786]
[0.3441206216812134]
[0.7442617416381836]
[0.9688321352005005]
[0.6121187806129456]
[0.35400277376174927]
[0.798965334892273]
[0.1316649466753006]
[0.10864822566509247]
[0.3108848035335541]
[0.0673026591539383]
[0.9586887359619141]
[0.94766765832901]
[0.37329521775245667]
[0.9669086933135986]
[0.879632294178009]
[0.9540050029754639]
[0.7460351586341858]
[0.9757989645004272]
[0.892524003982544]
[0.5489603877067566]
[0.9818235635757446]
[0.9737221002578735]
[0.19287018477916718]
[0.9679939150810242]
[0.5961601138114929]
[0.9146015048027039]
[0.6827250719070435]
[0.06280387938022614]
[0.09628763794898987]
[0.1718766838312149]
[0.6464967727661133]
[0.9711248874664307]
[0.02771116979420185]
[0.07080390304327011]
[0.07054683566093445]
[0.023442856967449188]
[0.09800822287797928]
[0.3904895782470703]
[0.38637447357177734]
[0.48749038577079773]
[0.5240899324417114]
[0.06583214551210403]
[0.9459695219993591]
[0.8833776712417603]
[0.9610919952392578]
[0.9716889262199402]
[0.5744142532348633]
[0.058633606880903244]
[0.0962873250246048]
[0.9886339902877808]
[0.990025520324707]
[0.970983624458313]
[0.6535596251487732]
[0.9692015647888184]
[0.9844176769256592]
[0.9850098490715027]
[0.1720348745584488]
