[0.08219193667173386]
[0.5169233679771423]
[0.8956382870674133]
[0.765373170375824]
[0.9373950958251953]
[0.8217707872390747]
[0.9433773159980774]
[0.9447389245033264]
[0.8005343675613403]
[0.9431589841842651]
[0.939943790435791]
[0.9499615430831909]
[0.950053870677948]
[0.9512040615081787]
[0.9408154487609863]
[0.8830787539482117]
[0.9275081157684326]
[0.9531332850456238]
[0.4601749777793884]
[0.08454985171556473]
[0.0841241180896759]
[0.08495836704969406]
[0.9508377313613892]
[0.9476667046546936]
[0.8428915143013]
[0.9498822689056396]
[0.9428456425666809]
[0.9523565769195557]
[0.9358277916908264]
[0.9465998411178589]
[0.9552559852600098]
[0.9488266706466675]
[0.8795244693756104]
[0.9536213874816895]
[0.9534769058227539]
[0.9491329789161682]
[0.9517273902893066]
[0.9508005380630493]
[0.9452142119407654]
[0.9484017491340637]
[0.9513958096504211]
[0.9407326579093933]
[0.9352055788040161]
[0.9529184699058533]
[0.9514299035072327]
[0.9556571841239929]
[0.943308413028717]
[0.9327060580253601]
[0.09157433360815048]
[0.08807063102722168]
[0.09989070147275925]
[0.9454267621040344]
[0.5300609469413757]
[0.461892694234848]
[0.08011603355407715]
[0.08790961652994156]
[0.08828934282064438]
[0.12051375955343246]
[0.09922115504741669]
[0.09292849898338318]
[0.0824260264635086]
[0.20119576156139374]
[0.6641573309898376]
[0.08211108297109604]
[0.09118552505970001]
[0.24225246906280518]
[0.9440127015113831]
[0.9521012306213379]
[0.1033860519528389]
[0.9518212080001831]
[0.3365814685821533]
[0.9033864140510559]
[0.9188011884689331]
[0.9461232423782349]
[0.1147250086069107]
[0.13064877688884735]
[0.9339550733566284]
[0.9556489586830139]
[0.9538425207138062]
[0.1748734563589096]
[0.9556580781936646]
[0.9528029561042786]
[0.9548225402832031]
[0.9529049396514893]
[0.9516659379005432]
[0.9563600420951843]
[0.9579472541809082]
[0.9538114666938782]
[0.9549140930175781]
[0.9559336304664612]
[0.9577634930610657]
[0.16138918697834015]
[0.6455215215682983]
[0.09497992694377899]
[0.10397674888372421]
[0.9165498614311218]
[0.9455854296684265]
[0.9544324278831482]
[0.9511513710021973]
[0.9534697532653809]
[0.9564213156700134]
[0.9582086801528931]
[0.9413931965827942]
[0.9318370819091797]
[0.1224190816283226]
[0.15943358838558197]
[0.09604092687368393]
[0.5560685992240906]
[0.7043633460998535]
[0.8788533806800842]
[0.8777351379394531]
[0.10672146081924438]
[0.8915197253227234]
[0.9296187162399292]
[0.9299434423446655]
[0.8781228065490723]
[0.9314004778862]
[0.9019533395767212]
[0.9030598402023315]
[0.9104211926460266]
[0.09215737134218216]
[0.07953283190727234]
[0.0785808339715004]
[0.07964901626110077]
[0.08419374376535416]
[0.08752433955669403]
[0.873284101486206]
[0.08069366216659546]
[0.08123525977134705]
[0.637138843536377]
[0.08088786154985428]
[0.08492618054151535]
[0.0845462903380394]
[0.0794493705034256]
[0.0868767574429512]
[0.07969175279140472]
[0.07862285524606705]
[0.07703032344579697]
[0.07996521890163422]
[0.07943421602249146]
[0.7771613597869873]
[0.08539237827062607]
[0.08265119791030884]
[0.08207127451896667]
[0.07972513884305954]
[0.08006545901298523]
[0.08049934357404709]
[0.0808044895529747]
[0.12096425890922546]
[0.0809711217880249]
[0.07911473512649536]
[0.12300092726945877]
[0.09782141447067261]
[0.08750878274440765]
[0.08066994696855545]
[0.9573376774787903]
[0.9577515721321106]
[0.9579204320907593]
[0.9574106335639954]
[0.9567475914955139]
[0.9607303142547607]
[0.9558817744255066]
[0.9561965465545654]
[0.9556516408920288]
[0.9474534392356873]
[0.9551743865013123]
[0.6773165464401245]
[0.8330134749412537]
[0.3868556320667267]
[0.8587406277656555]
[0.8776072263717651]
[0.9523110389709473]
[0.9253698587417603]
[0.9477375745773315]
[0.9480942487716675]
[0.931755006313324]
[0.9568727612495422]
[0.958110511302948]
[0.9578971266746521]
[0.24810104072093964]
[0.11367234587669373]
[0.10145539790391922]
[0.9472907185554504]
[0.9458338618278503]
[0.117413230240345]
[0.9562922716140747]
[0.8086599111557007]
[0.10183703899383545]
[0.0982687845826149]
[0.10350184887647629]
[0.892056941986084]
[0.9555591344833374]
[0.9551194906234741]
[0.9571492075920105]
[0.9520045518875122]
[0.9546754360198975]
[0.9571359157562256]
[0.9475046992301941]
[0.8571119904518127]
[0.08339884132146835]
[0.9307841062545776]
[0.9429064989089966]
[0.613103985786438]
[0.7503334283828735]
[0.9293203949928284]
[0.9385335445404053]
[0.9371405243873596]
[0.9402409791946411]
[0.9401965737342834]
[0.9405236840248108]
[0.9366820454597473]
[0.2603446841239929]
[0.9023013114929199]
[0.9354373216629028]
[0.0779205933213234]
[0.07830624282360077]
[0.6016761660575867]
[0.149879589676857]
[0.9156644344329834]
[0.0930546447634697]
[0.44101983308792114]
[0.24169647693634033]
[0.9251042008399963]
[0.9328770041465759]
[0.9405906796455383]
[0.9448211789131165]
[0.9466451406478882]
[0.9453496336936951]
[0.9466968774795532]
[0.9400643706321716]
[0.9337198138237]
[0.6533388495445251]
[0.9390732645988464]
[0.9398240447044373]
[0.8400784134864807]
[0.9378532767295837]
[0.9135031700134277]
[0.6910184025764465]
[0.9349991083145142]
[0.6063637137413025]
[0.9175508618354797]
[0.8723850846290588]
[0.9013104438781738]
[0.16856802999973297]
[0.14363254606723785]
[0.12400847673416138]
[0.9039851427078247]
[0.6139608025550842]
[0.12421447783708572]
[0.8357139825820923]
[0.9464263319969177]
[0.9373313188552856]
[0.18632720410823822]
[0.9506407380104065]
[0.9588801860809326]
[0.9575542211532593]
[0.8788522481918335]
[0.9581997990608215]
[0.9603260159492493]
[0.9535025954246521]
[0.9528166055679321]
[0.9469851851463318]
[0.9591690897941589]
[0.9561942219734192]
[0.9555136561393738]
[0.9564521908760071]
[0.9566606283187866]
[0.9536393284797668]
[0.9531327486038208]
[0.9599588513374329]
[0.9597466588020325]
[0.9493812322616577]
[0.9437099099159241]
[0.9591283798217773]
[0.9591458439826965]
[0.9562821984291077]
[0.9560489654541016]
[0.9571894407272339]
[0.9595507979393005]
[0.9566410183906555]
[0.9562949538230896]
[0.9377629160881042]
[0.949908971786499]
[0.9486809372901917]
[0.9567586183547974]
[0.9457788467407227]
[0.9606958627700806]
[0.9596903324127197]
[0.9558684825897217]
[0.9587289690971375]
[0.9592397212982178]
[0.9596440196037292]
[0.9546627402305603]
[0.9557810425758362]
[0.9578999876976013]
[0.9562020897865295]
[0.9249197840690613]
[0.946215808391571]
[0.9552969932556152]
[0.9470802545547485]
[0.9447168707847595]
[0.9573206901550293]
[0.2741353213787079]
[0.9124743938446045]
[0.9208024740219116]
[0.15875563025474548]
[0.14614681899547577]
[0.940292477607727]
[0.950229823589325]
[0.942333459854126]
[0.9551489353179932]
[0.6425760984420776]
[0.9399637579917908]
[0.9517375230789185]
[0.9355371594429016]
[0.948699951171875]
[0.15984629094600677]
[0.11176460981369019]
[0.18240992724895477]
[0.25409531593322754]
[0.9227620363235474]
[0.9465551972389221]
[0.9090240001678467]
[0.8241302967071533]
[0.9515576958656311]
[0.9585533142089844]
[0.944549024105072]
[0.9178276658058167]
[0.6892291903495789]
[0.8927881717681885]
[0.9371697306632996]
[0.9383246302604675]
[0.3259737193584442]
[0.11700006574392319]
[0.13390809297561646]
[0.08851799368858337]
[0.7795370817184448]
[0.871720552444458]
[0.9510108232498169]
[0.82111656665802]
[0.9512984752655029]
[0.9354892373085022]
[0.9491297602653503]
[0.9498446583747864]
[0.9522848725318909]
[0.9493858218193054]
[0.9461392760276794]
[0.9470670819282532]
[0.951691210269928]
[0.9486778378486633]
[0.9516958594322205]
[0.9475972056388855]
[0.9537107348442078]
[0.9557716250419617]
[0.9521187543869019]
[0.9405000805854797]
[0.9465500712394714]
[0.9512293338775635]
[0.9514215588569641]
[0.9542521238327026]
[0.09157411009073257]
[0.3491728901863098]
[0.33537358045578003]
[0.9429280757904053]
[0.9309733510017395]
[0.489782452583313]
[0.950670063495636]
[0.9161868691444397]
[0.9159402847290039]
[0.3877922296524048]
[0.8677446246147156]
[0.0940021425485611]
[0.08860522508621216]
[0.09981522709131241]
[0.08111479133367538]
[0.08307173103094101]
[0.682019829750061]
[0.9212664365768433]
[0.26596641540527344]
[0.08680283278226852]
[0.08672734349966049]
[0.09552150964736938]
[0.08645598590373993]
[0.08977819979190826]
[0.084251768887043]
[0.08807798475027084]
[0.5378513336181641]
[0.09038637578487396]
[0.6755186915397644]
[0.9507503509521484]
[0.8083395957946777]
[0.10339443385601044]
[0.08720594644546509]
[0.930601954460144]
[0.9470572471618652]
[0.9152583479881287]
[0.1324206441640854]
[0.8957849740982056]
[0.08586537092924118]
[0.08481675386428833]
[0.08373784273862839]
[0.08453400433063507]
[0.950435221195221]
[0.9179385304450989]
[0.916444718837738]
[0.7739949226379395]
[0.9420216679573059]
[0.9454391002655029]
[0.4207739233970642]
[0.9042030572891235]
[0.9231142997741699]
[0.926426351070404]
[0.9037480354309082]
[0.9198453426361084]
[0.21270546317100525]
[0.34774789214134216]
[0.19870078563690186]
[0.10903339087963104]
[0.6820414066314697]
[0.7902370691299438]
[0.08929865062236786]
[0.905838131904602]
[0.08806772530078888]
[0.08600917458534241]
[0.08751773089170456]
[0.8379397392272949]
[0.2158949077129364]
[0.10627715289592743]
[0.7489660978317261]
[0.08856923133134842]
[0.08867870271205902]
[0.08470448851585388]
[0.0836080014705658]
[0.07955460250377655]
[0.2133827805519104]
[0.0937468409538269]
[0.16085605323314667]
[0.08132830262184143]
[0.10976128280162811]
[0.10291299968957901]
[0.10959042608737946]
[0.08186061680316925]
[0.1672384887933731]
[0.09447178989648819]
[0.08783181011676788]
[0.08544836938381195]
[0.7484466433525085]
[0.9382616281509399]
[0.10716931521892548]
[0.10633546113967896]
[0.948173463344574]
[0.9442345499992371]
[0.9301683306694031]
[0.09280118346214294]
[0.10295586287975311]
[0.08205527067184448]
[0.8856362104415894]
[0.9510475993156433]
[0.20037393271923065]
[0.09028096497058868]
[0.6941773891448975]
[0.09140181541442871]
[0.0937664657831192]
[0.0928305983543396]
[0.553390622138977]
[0.911171555519104]
[0.9474747776985168]
[0.1718011051416397]
[0.8714628219604492]
[0.8652871251106262]
[0.8466295599937439]
[0.6596823334693909]
[0.937088131904602]
[0.8978312611579895]
[0.1380259245634079]
[0.9500844478607178]
[0.9511277079582214]
[0.15738393366336823]
[0.7002731561660767]
[0.8752679228782654]
[0.9477311372756958]
[0.8315732479095459]
[0.10845234990119934]
[0.0835370197892189]
[0.0889522060751915]
[0.9163122773170471]
[0.9431365132331848]
[0.08165719360113144]
[0.07629388570785522]
[0.09240273386240005]
[0.08339663594961166]
[0.08272901177406311]
[0.3194501996040344]
[0.39211922883987427]
[0.7159883379936218]
[0.08115590363740921]
[0.2381177395582199]
[0.8797016739845276]
[0.9200398921966553]
[0.9336528778076172]
[0.9379470348358154]
[0.7039949893951416]
[0.07349812239408493]
[0.07371899485588074]
[0.9483118057250977]
[0.953926146030426]
[0.9538854360580444]
[0.9008886814117432]
[0.9337292909622192]
[0.9328501224517822]
[0.9284745454788208]
[0.09245876222848892]
