[0.09138238430023193]
[0.6444337964057922]
[0.4015777111053467]
[0.4835178852081299]
[0.959658145904541]
[0.4052412807941437]
[0.9655301570892334]
[0.9676689505577087]
[0.9088793992996216]
[0.9699750542640686]
[0.9323919415473938]
[0.9711365103721619]
[0.971322238445282]
[0.9698172807693481]
[0.9704772233963013]
[0.29544198513031006]
[0.14163970947265625]
[0.9675975441932678]
[0.4309673011302948]
[0.0747222900390625]
[0.0849386528134346]
[0.10417807847261429]
[0.8468453884124756]
[0.9222204685211182]
[0.7749208211898804]
[0.9687318205833435]
[0.9688693881034851]
[0.9692931771278381]
[0.9464847445487976]
[0.965482234954834]
[0.9650533199310303]
[0.9701255559921265]
[0.8959210515022278]
[0.9673783779144287]
[0.9699208736419678]
[0.96897292137146]
[0.9631182551383972]
[0.9556563496589661]
[0.9598814249038696]
[0.9647688269615173]
[0.9657678008079529]
[0.9564340114593506]
[0.957578182220459]
[0.9703054428100586]
[0.966424286365509]
[0.9674591422080994]
[0.9567953944206238]
[0.9544079303741455]
[0.08807247132062912]
[0.11144839227199554]
[0.11909192055463791]
[0.9694715142250061]
[0.9684098362922668]
[0.8632904291152954]
[0.12439367920160294]
[0.10189990699291229]
[0.07833525538444519]
[0.4740992486476898]
[0.4887309968471527]
[0.09115790575742722]
[0.0946030542254448]
[0.6273978352546692]
[0.6096708178520203]
[0.08496949076652527]
[0.31536000967025757]
[0.22165322303771973]
[0.9616220593452454]
[0.965577244758606]
[0.23826910555362701]
[0.9459224939346313]
[0.5440039038658142]
[0.22450558841228485]
[0.10632806271314621]
[0.9720517992973328]
[0.9707716703414917]
[0.11251182109117508]
[0.9437589645385742]
[0.9724737405776978]
[0.9726859331130981]
[0.948864221572876]
[0.9631474614143372]
[0.9729650616645813]
[0.9734827280044556]
[0.9725443124771118]
[0.9728497266769409]
[0.9726279973983765]
[0.9723933339118958]
[0.9725509881973267]
[0.9728126525878906]
[0.9722015261650085]
[0.9734944105148315]
[0.9538634419441223]
[0.9718562364578247]
[0.1134185716509819]
[0.10649935156106949]
[0.9722099900245667]
[0.972378134727478]
[0.9725995659828186]
[0.9727557897567749]
[0.9727382659912109]
[0.9724634885787964]
[0.9712565541267395]
[0.9681422710418701]
[0.9718284010887146]
[0.1117764413356781]
[0.1527406871318817]
[0.10007030516862869]
[0.9694055914878845]
[0.9711235761642456]
[0.9245819449424744]
[0.7963143587112427]
[0.11393407732248306]
[0.8051053285598755]
[0.9581925868988037]
[0.9628507494926453]
[0.6196057200431824]
[0.8921270966529846]
[0.522682249546051]
[0.37821337580680847]
[0.2527773976325989]
[0.098894864320755]
[0.09870906919240952]
[0.08926772326231003]
[0.08995135873556137]
[0.10921330004930496]
[0.0919562503695488]
[0.5279021263122559]
[0.09087016433477402]
[0.09192605316638947]
[0.2435949146747589]
[0.09083294868469238]
[0.09501238167285919]
[0.08955244719982147]
[0.08995030075311661]
[0.08397265523672104]
[0.08857614547014236]
[0.09335240721702576]
[0.10123395919799805]
[0.09569308906793594]
[0.09114984422922134]
[0.38091495633125305]
[0.0893065333366394]
[0.09092917293310165]
[0.08793952316045761]
[0.09148406237363815]
[0.0890253409743309]
[0.09102387726306915]
[0.09026925265789032]
[0.1252477467060089]
[0.08964266628026962]
[0.0889173150062561]
[0.12363049387931824]
[0.1175726056098938]
[0.08798930794000626]
[0.09055507928133011]
[0.9725334644317627]
[0.972257673740387]
[0.9722404479980469]
[0.9719579815864563]
[0.9719972014427185]
[0.9719918966293335]
[0.9727737307548523]
[0.972320556640625]
[0.971571683883667]
[0.9423221349716187]
[0.9680843949317932]
[0.9615042209625244]
[0.8119882941246033]
[0.815764307975769]
[0.9680259823799133]
[0.9695185422897339]
[0.9704492688179016]
[0.1410801112651825]
[0.5375519394874573]
[0.623106837272644]
[0.9684892892837524]
[0.9679445028305054]
[0.9710543155670166]
[0.9702836871147156]
[0.10676180571317673]
[0.15584073960781097]
[0.0976826548576355]
[0.9680448174476624]
[0.5667473673820496]
[0.1695273369550705]
[0.9682720899581909]
[0.9306521415710449]
[0.4004002511501312]
[0.09527141600847244]
[0.09412820637226105]
[0.46146446466445923]
[0.9712977409362793]
[0.9718143343925476]
[0.971512496471405]
[0.9715906977653503]
[0.9662472605705261]
[0.9712451100349426]
[0.971269965171814]
[0.9704688787460327]
[0.08893433213233948]
[0.969436526298523]
[0.9666498899459839]
[0.1329450160264969]
[0.9206343293190002]
[0.768186092376709]
[0.9704721570014954]
[0.9712086915969849]
[0.9706564545631409]
[0.9712575674057007]
[0.970197856426239]
[0.9282134175300598]
[0.1710679829120636]
[0.7198689579963684]
[0.7516226768493652]
[0.09578414261341095]
[0.09373053163290024]
[0.4990416169166565]
[0.6079606413841248]
[0.49178916215896606]
[0.1104661226272583]
[0.34184303879737854]
[0.15307122468948364]
[0.95919269323349]
[0.9469138979911804]
[0.9642122387886047]
[0.9690258502960205]
[0.971458375453949]
[0.970676064491272]
[0.9699984788894653]
[0.9662671685218811]
[0.9624138474464417]
[0.9631639719009399]
[0.9691099524497986]
[0.9709662795066833]
[0.969427227973938]
[0.9639055728912354]
[0.9693512916564941]
[0.9565463066101074]
[0.9642167687416077]
[0.595806896686554]
[0.753450334072113]
[0.5965362191200256]
[0.9547981023788452]
[0.16450202465057373]
[0.21027950942516327]
[0.7443245649337769]
[0.412434846162796]
[0.1335388422012329]
[0.3413825035095215]
[0.31632402539253235]
[0.9421180486679077]
[0.7255036234855652]
[0.7286293506622314]
[0.9704960584640503]
[0.9689725041389465]
[0.9689359068870544]
[0.9642868638038635]
[0.9699759483337402]
[0.9670768976211548]
[0.9697596430778503]
[0.9690526127815247]
[0.9711019992828369]
[0.9709498882293701]
[0.9703612327575684]
[0.9579404592514038]
[0.9708731174468994]
[0.9718908071517944]
[0.965401828289032]
[0.9641337990760803]
[0.9707760810852051]
[0.9670419096946716]
[0.9522765278816223]
[0.9638060927391052]
[0.9709193110466003]
[0.9687184691429138]
[0.9696247577667236]
[0.9677784442901611]
[0.9714997410774231]
[0.9695843458175659]
[0.9705998301506042]
[0.9681878685951233]
[0.8863597512245178]
[0.8432236313819885]
[0.965564489364624]
[0.971825122833252]
[0.9689291715621948]
[0.9705194234848022]
[0.9616644978523254]
[0.9689794182777405]
[0.9709360599517822]
[0.9682101011276245]
[0.9704456329345703]
[0.9598182439804077]
[0.9701074957847595]
[0.970855712890625]
[0.9706412553787231]
[0.36227625608444214]
[0.9639160633087158]
[0.9693041443824768]
[0.9643253087997437]
[0.9674092531204224]
[0.9431401491165161]
[0.7725348472595215]
[0.9475255012512207]
[0.9594971537590027]
[0.5067178606987]
[0.23795773088932037]
[0.5157881379127502]
[0.5249403119087219]
[0.9277121424674988]
[0.9672446250915527]
[0.6447901129722595]
[0.8221113681793213]
[0.969011664390564]
[0.9615201950073242]
[0.7711843848228455]
[0.5614213347434998]
[0.391996830701828]
[0.3155019283294678]
[0.6743442416191101]
[0.9468986392021179]
[0.7156405448913574]
[0.8652002811431885]
[0.44107741117477417]
[0.967941164970398]
[0.9694954752922058]
[0.8969770073890686]
[0.9527876377105713]
[0.2507486939430237]
[0.8932793736457825]
[0.5923176407814026]
[0.6634132266044617]
[0.6399573087692261]
[0.8960795998573303]
[0.6175267696380615]
[0.34473365545272827]
[0.7001081109046936]
[0.9260929226875305]
[0.9710562229156494]
[0.6267310380935669]
[0.9689218997955322]
[0.7058468461036682]
[0.9712756872177124]
[0.9706783294677734]
[0.9706371426582336]
[0.9706958532333374]
[0.9689540266990662]
[0.9702844619750977]
[0.9716601371765137]
[0.9711904525756836]
[0.9716975092887878]
[0.9702386856079102]
[0.9714730978012085]
[0.9712380170822144]
[0.9714629650115967]
[0.9698600769042969]
[0.9673423171043396]
[0.9710982441902161]
[0.9715908169746399]
[0.9718555212020874]
[0.540454089641571]
[0.9653734564781189]
[0.19249537587165833]
[0.9656807780265808]
[0.9579818248748779]
[0.483778715133667]
[0.9704939126968384]
[0.9530688524246216]
[0.9532188177108765]
[0.6556359529495239]
[0.5517032146453857]
[0.3055439591407776]
[0.23014897108078003]
[0.10054861009120941]
[0.10636799037456512]
[0.12051215022802353]
[0.20548902451992035]
[0.4309931695461273]
[0.37551116943359375]
[0.10190688818693161]
[0.2524993121623993]
[0.09376578778028488]
[0.24593769013881683]
[0.09679713845252991]
[0.118899405002594]
[0.12138454616069794]
[0.5747272968292236]
[0.3765037953853607]
[0.2116372436285019]
[0.9687492251396179]
[0.6163721680641174]
[0.10057947039604187]
[0.10672982037067413]
[0.9562364220619202]
[0.9709432721138]
[0.9391061663627625]
[0.10630210489034653]
[0.13224390149116516]
[0.09405002743005753]
[0.10759413987398148]
[0.10292189568281174]
[0.10421515256166458]
[0.9715957641601562]
[0.966528058052063]
[0.9703547358512878]
[0.9576062560081482]
[0.9677243232727051]
[0.9698759913444519]
[0.7971949577331543]
[0.42027047276496887]
[0.95123291015625]
[0.874887228012085]
[0.7909947037696838]
[0.9642298817634583]
[0.11596010625362396]
[0.13112178444862366]
[0.16849637031555176]
[0.11505626887083054]
[0.756894588470459]
[0.862200915813446]
[0.1649714708328247]
[0.7379708886146545]
[0.10408077389001846]
[0.09219544380903244]
[0.11595464497804642]
[0.4126703143119812]
[0.44205987453460693]
[0.11327476799488068]
[0.47549405694007874]
[0.1401599943637848]
[0.1154574453830719]
[0.09875664860010147]
[0.11025319248437881]
[0.10566148161888123]
[0.31786471605300903]
[0.1884724199771881]
[0.47119778394699097]
[0.36206352710723877]
[0.24288740754127502]
[0.5421388745307922]
[0.38275566697120667]
[0.10017615556716919]
[0.4306414723396301]
[0.3150445520877838]
[0.10917754471302032]
[0.2536274790763855]
[0.6169266104698181]
[0.956089198589325]
[0.10931038856506348]
[0.30375611782073975]
[0.9685533046722412]
[0.9607077240943909]
[0.9388334155082703]
[0.10042361915111542]
[0.09666183590888977]
[0.20245379209518433]
[0.6358950138092041]
[0.9702966809272766]
[0.5883353352546692]
[0.12946557998657227]
[0.8025711178779602]
[0.09720921516418457]
[0.09241458028554916]
[0.09905023872852325]
[0.2507430911064148]
[0.9394856095314026]
[0.9488833546638489]
[0.4407089352607727]
[0.9681513905525208]
[0.9141739010810852]
[0.9617317318916321]
[0.41233325004577637]
[0.9695744514465332]
[0.9598537087440491]
[0.6137408018112183]
[0.9714358448982239]
[0.9698918461799622]
[0.12578824162483215]
[0.9660522937774658]
[0.7608696222305298]
[0.9695709943771362]
[0.13700436055660248]
[0.09033434838056564]
[0.10323577374219894]
[0.10390262305736542]
[0.32092466950416565]
[0.9307340383529663]
[0.08846282213926315]
[0.1015913337469101]
[0.11476807296276093]
[0.10094576328992844]
[0.10489223897457123]
[0.22021375596523285]
[0.11218234151601791]
[0.16668571531772614]
[0.19401657581329346]
[0.10174374282360077]
[0.5424973368644714]
[0.5793964862823486]
[0.9630103707313538]
[0.9633872509002686]
[0.12340180575847626]
[0.11954763531684875]
[0.15327198803424835]
[0.9719903469085693]
[0.971786618232727]
[0.967556357383728]
[0.9096479415893555]
[0.9627557396888733]
[0.9689273834228516]
[0.9707031846046448]
[0.1046929582953453]
