0.688531756401062
0.4945038855075836
0.6540672779083252
0.6391183733940125
0.5190250277519226
0.4270751476287842
0.5689924955368042
0.5882985591888428
0.42228013277053833
0.5280203223228455
0.549186110496521
0.5392347574234009
0.3874853253364563
0.6386024355888367
0.5370215773582458
0.6259336471557617
0.368621289730072
0.658568263053894
0.5284945964813232
0.6061572432518005
0.6932085752487183
0.6651097536087036
0.5211126804351807
0.6628636121749878
0.5093955397605896
0.6553306579589844
0.5471991300582886
0.6331223249435425
0.5661759376525879
0.5833801031112671
0.45058876276016235
0.6460734605789185
0.5835994482040405
0.6955447793006897
0.585732638835907
0.6677494049072266
0.670026421546936
0.6369258165359497
0.6391599178314209
0.6651433706283569
0.627246081829071
0.6407492160797119
0.6720472574234009
0.4998578131198883
0.6486085653305054
0.5105388164520264
0.6483472585678101
0.6570773124694824
0.6757388114929199
0.699285626411438
0.6956489682197571
0.6985082626342773
0.6745115518569946
0.6571885943412781
0.6318296194076538
0.654365062713623
0.6864298582077026
0.6869500875473022
0.6277834177017212
0.6826741695404053
0.4616745412349701
0.6026836037635803
0.6664298176765442
0.643212616443634
0.692404568195343
0.5934727787971497
0.6135622262954712
0.6197887659072876
0.5987186431884766
0.6517899632453918
0.6711292266845703
0.6942864060401917
0.65813809633255
0.5227667689323425
0.4895116686820984
0.6580930352210999
0.6504778265953064
0.6846969127655029
0.5630972385406494
0.6353524923324585
0.587037205696106
0.6115850210189819
0.6743080615997314
0.6547507047653198
0.5795277953147888
0.6956672668457031
0.648730993270874
0.6435049772262573
0.6523224711418152
0.6956740617752075
0.6888464689254761
0.6379023790359497
0.6715760231018066
0.6963561177253723
0.6432657837867737
0.6828895807266235
0.6612894535064697
0.6855378150939941
0.6702771782875061
0.6536419987678528
0.681586742401123
0.6914513111114502
0.6718778610229492