0.8512773513793945
0.5058267116546631
0.6144301891326904
0.7077481150627136
0.7518611550331116
0.6173540353775024
0.5531132221221924
0.6862632036209106
0.5224292278289795
0.5975862741470337
0.5914285778999329
0.5812075138092041
0.2565505802631378
0.656389594078064
0.6338644027709961
0.7428418397903442
0.4466860890388489
0.6545649766921997
0.5598463416099548
0.4807536005973816
0.603690505027771
0.586203396320343
0.5558749437332153
0.3659626543521881
0.7501102685928345
0.4348922669887543
0.4443782567977905
0.6986783146858215
0.6747938990592957
0.5105923414230347
0.6529037952423096
1.0
0.9612449407577515
1.0
1.0
1.0
1.0000001192092896
0.7896475791931152
0.8548338413238525
1.0
0.7064114809036255
1.0000001192092896
0.6889539957046509
0.717308759689331
0.7550629377365112
0.9189260005950928
0.7925101518630981
0.8083639144897461
0.7688832879066467
0.6772424578666687
0.8548639416694641
0.8413390517234802
0.6695733070373535
0.8383841514587402
0.6812359690666199
0.8883554935455322
0.6035865545272827
0.7290339469909668
0.6756845712661743
0.6963256001472473
0.6713388562202454
1.0
1.0000001192092896
1.0
1.0
1.0000001192092896
1.0
0.9748401641845703
1.0
1.0
1.0
0.9220783710479736
0.8967325687408447
0.5428053140640259
0.5456529855728149
0.7512769103050232
0.7147368788719177
0.9060013294219971
0.6246516704559326
0.6671648025512695
0.6219962239265442
0.8448048233985901
0.8259406089782715
0.7372069358825684
0.7037729024887085
0.9499347805976868
0.6233985424041748
0.6430968046188354
0.591862678527832
0.6187943816184998
1.0
0.6916965246200562
0.6826705932617188
0.9252318143844604
1.0
0.6688776016235352
0.9847720265388489
0.562201976776123
0.6956888437271118
0.6894111633300781
0.7928110361099243
0.6748476028442383
0.8327466249465942