0.6697189211845398
0.7076699137687683
0.7265127897262573
0.7868825197219849
0.6398189067840576
0.6961920857429504
0.6031513214111328
0.7342661619186401
0.7153416872024536
0.5799633264541626
0.6201913952827454
0.6700617074966431
0.6595047116279602
0.6429280042648315
0.7116307020187378
0.7112123966217041
0.6700617074966431
0.7527979612350464
0.6700617074966431
0.6700617074966431
0.6095322370529175
0.6852289438247681
0.7440070509910583
0.4046427011489868
0.6773574352264404
0.41860005259513855
0.482768177986145
0.5159620046615601
0.6746274828910828
0.7440070509910583
0.7353380918502808
0.6460734605789185
0.6196500062942505
0.6955447793006897
0.585732638835907
0.6677494049072266
0.670026421546936
0.6795225143432617
0.7164177298545837
0.6651433706283569
0.7160272598266602
0.6407492160797119
0.6861923336982727
0.8338290452957153
0.7834786176681519
0.6536082029342651
0.6876029968261719
0.6678717732429504
0.6139787435531616
0.5810145139694214
0.8032081127166748
0.5824353694915771
0.5268360376358032
0.726487398147583
0.7468245029449463
0.7034733295440674
0.7867196798324585
0.7918785810470581
0.7771044969558716
0.7942432165145874
0.6688180565834045
0.6026836037635803
0.6664298176765442
0.643212616443634
0.692404568195343
0.5934727787971497
0.6135622262954712
0.6108352541923523
0.5987186431884766
0.6517899632453918
0.6711292266845703
0.7057163715362549
0.6611002683639526
0.8394495248794556
0.871947169303894
0.7676246166229248
0.7149267792701721
0.7533509731292725
0.6426092386245728
0.7510089874267578
0.7862575054168701
0.6805347800254822
0.6742479205131531
0.7470690011978149
0.7388005256652832
0.7117698192596436
0.7061538100242615
0.8728814721107483
0.875523030757904
0.7850648164749146
0.6888464689254761
0.7550631165504456
0.8567090034484863
0.702174723148346
0.6432657837867737
0.790277361869812
0.6616302132606506
0.8420416712760925
0.7048611640930176
0.7116979360580444
0.8691720962524414
0.8620862364768982
0.7966091632843018