[0.03177633881568909]
[0.9061478972434998]
[0.9441113471984863]
[0.05432593822479248]
[0.9915067553520203]
[0.6766362190246582]
[0.9932445883750916]
[0.9931272268295288]
[0.9917271137237549]
[0.9912759065628052]
[0.9929606318473816]
[0.9937658309936523]
[0.9927392601966858]
[0.9933907985687256]
[0.9903258085250854]
[0.23568452894687653]
[0.9739136099815369]
[0.9569595456123352]
[0.8456704020500183]
[0.01980135589838028]
[0.006149995606392622]
[0.028093693777918816]
[0.9867219924926758]
[0.9909480214118958]
[0.954379141330719]
[0.9837036728858948]
[0.9897614121437073]
[0.9931488633155823]
[0.9878304600715637]
[0.9909825921058655]
[0.9911066889762878]
[0.9898267984390259]
[0.9647456407546997]
[0.98747718334198]
[0.9915562868118286]
[0.9880033731460571]
[0.9908434152603149]
[0.9680296182632446]
[0.9880561828613281]
[0.987636387348175]
[0.9886112809181213]
[0.9867063164710999]
[0.9880421161651611]
[0.9894494414329529]
[0.9896256327629089]
[0.9893738627433777]
[0.9883965849876404]
[0.9832778573036194]
[0.014617270790040493]
[0.02683911845088005]
[0.0422273725271225]
[0.9845070838928223]
[0.9782634377479553]
[0.9751103520393372]
[0.04364224523305893]
[0.01261170580983162]
[0.016951164230704308]
[0.23972393572330475]
[0.06314247101545334]
[0.025548595935106277]
[0.009445104748010635]
[0.9061806201934814]
[0.022998623549938202]
[0.018040716648101807]
[0.021581435576081276]
[0.06191960722208023]
[0.9889344573020935]
[0.9917802214622498]
[0.47151878476142883]
[0.9902543425559998]
[0.10552601516246796]
[0.7139636874198914]
[0.19779497385025024]
[0.9909963607788086]
[0.9802246689796448]
[0.023666614666581154]
[0.9374107718467712]
[0.9900201559066772]
[0.9922507405281067]
[0.510265588760376]
[0.9943429231643677]
[0.9946086406707764]
[0.9940599799156189]
[0.9937974810600281]
[0.9941214919090271]
[0.993630588054657]
[0.9945875406265259]
[0.9942281246185303]
[0.9944058656692505]
[0.9938270449638367]
[0.9943937063217163]
[0.07336105406284332]
[0.9889494180679321]
[0.04759832099080086]
[0.023615499958395958]
[0.9945499300956726]
[0.9936311841011047]
[0.9935044050216675]
[0.9936875700950623]
[0.994248628616333]
[0.9939845204353333]
[0.9923086166381836]
[0.9910708665847778]
[0.9871368408203125]
[0.050564054399728775]
[0.05586757883429527]
[0.04668265953660011]
[0.9928733110427856]
[0.5814181566238403]
[0.14217950403690338]
[0.168599471449852]
[0.02897316962480545]
[0.928709864616394]
[0.9837913513183594]
[0.9685847163200378]
[0.5007976293563843]
[0.9797756671905518]
[0.5046042799949646]
[0.9060397744178772]
[0.838610053062439]
[0.03135760501027107]
[0.036538418382406235]
[0.0318332239985466]
[0.0357542522251606]
[0.01942512020468712]
[0.04313012957572937]
[0.07545259594917297]
[0.01989910937845707]
[0.03489726409316063]
[0.020613249391317368]
[0.04544169828295708]
[0.03716488555073738]
[0.022622134536504745]
[0.05395480990409851]
[0.018293065950274467]
[0.06150832772254944]
[0.025182342156767845]
[0.04015152528882027]
[0.03917039558291435]
[0.030169526115059853]
[0.803909182548523]
[0.037539176642894745]
[0.03736454248428345]
[0.02608451433479786]
[0.047000933438539505]
[0.04611163213849068]
[0.035248272120952606]
[0.04729031026363373]
[0.050371430814266205]
[0.04005371406674385]
[0.05131714418530464]
[0.047497790306806564]
[0.043320830911397934]
[0.03711302950978279]
[0.03301461413502693]
[0.993128776550293]
[0.9935854077339172]
[0.9932600855827332]
[0.9935362339019775]
[0.99294114112854]
[0.9928656816482544]
[0.993415355682373]
[0.992932915687561]
[0.9931354522705078]
[0.9837378263473511]
[0.9852734208106995]
[0.9685377478599548]
[0.9260954856872559]
[0.7700955867767334]
[0.9639667272567749]
[0.2969920337200165]
[0.9902605414390564]
[0.09705807268619537]
[0.9912386536598206]
[0.20410314202308655]
[0.9804950952529907]
[0.9894808530807495]
[0.9892337322235107]
[0.9916241765022278]
[0.08015667647123337]
[0.0694112628698349]
[0.06139248237013817]
[0.9874266386032104]
[0.9742344617843628]
[0.04506424069404602]
[0.9927418231964111]
[0.9886271357536316]
[0.06948833912611008]
[0.036878712475299835]
[0.03189445286989212]
[0.9052877426147461]
[0.9887500405311584]
[0.9926778078079224]
[0.9879975318908691]
[0.9922648668289185]
[0.9885369539260864]
[0.991276741027832]
[0.9830104112625122]
[0.9767730236053467]
[0.014576186425983906]
[0.9765609502792358]
[0.9863329529762268]
[0.9372779130935669]
[0.2090795934200287]
[0.9293584823608398]
[0.9868634939193726]
[0.9851850271224976]
[0.989014208316803]
[0.9881595373153687]
[0.9906535744667053]
[0.975545346736908]
[0.044141918420791626]
[0.9122327566146851]
[0.9355655312538147]
[0.007296460680663586]
[0.015045971609652042]
[0.0583174042403698]
[0.4521685242652893]
[0.9704117774963379]
[0.04186606407165527]
[0.7948384881019592]
[0.9542880654335022]
[0.9873929619789124]
[0.9889646768569946]
[0.9895792603492737]
[0.9909926652908325]
[0.9910356998443604]
[0.9873809814453125]
[0.9893540143966675]
[0.9908259510993958]
[0.9908610582351685]
[0.991249680519104]
[0.9924716949462891]
[0.9917457699775696]
[0.9891932606697083]
[0.9911441802978516]
[0.9829400777816772]
[0.9847431182861328]
[0.9823386073112488]
[0.986574113368988]
[0.9908328652381897]
[0.97925865650177]
[0.9746646285057068]
[0.07501492649316788]
[0.8366956114768982]
[0.9571267366409302]
[0.9861774444580078]
[0.055333416908979416]
[0.6605845093727112]
[0.9103836417198181]
[0.9801815152168274]
[0.9268794059753418]
[0.016452813521027565]
[0.9800177812576294]
[0.9917423725128174]
[0.9920837879180908]
[0.9807830452919006]
[0.9921099543571472]
[0.9926332831382751]
[0.9892823696136475]
[0.9919496774673462]
[0.9920529127120972]
[0.9921626448631287]
[0.9911589026451111]
[0.9883286952972412]
[0.9922590851783752]
[0.9930307269096375]
[0.9917173981666565]
[0.9891682863235474]
[0.9930182695388794]
[0.9926499724388123]
[0.9886723160743713]
[0.9742439985275269]
[0.9928600192070007]
[0.9911333918571472]
[0.9894301891326904]
[0.9801936745643616]
[0.9919853210449219]
[0.992626965045929]
[0.9916090369224548]
[0.9902586936950684]
[0.7800101041793823]
[0.9845006465911865]
[0.9897682070732117]
[0.9912338852882385]
[0.9904864430427551]
[0.9910717606544495]
[0.9922624826431274]
[0.992421567440033]
[0.9928504228591919]
[0.9928179979324341]
[0.9926815629005432]
[0.9870229363441467]
[0.9902493357658386]
[0.9894443154335022]
[0.9895623326301575]
[0.80958092212677]
[0.6251934170722961]
[0.9874756932258606]
[0.9336265325546265]
[0.8771069645881653]
[0.9911818504333496]
[0.02188967354595661]
[0.8589073419570923]
[0.11262533813714981]
[0.015409807674586773]
[0.020939234644174576]
[0.9869287014007568]
[0.979796290397644]
[0.9259156584739685]
[0.9923985600471497]
[0.01992831751704216]
[0.21938732266426086]
[0.9860032200813293]
[0.6266551613807678]
[0.9907792806625366]
[0.022534022107720375]
[0.020281095057725906]
[0.8661364912986755]
[0.01703045517206192]
[0.9818552732467651]
[0.7779030799865723]
[0.7172451615333557]
[0.952521026134491]
[0.982029378414154]
[0.9924806356430054]
[0.37945201992988586]
[0.9531109929084778]
[0.2473933845758438]
[0.053909193724393845]
[0.9751283526420593]
[0.9784455299377441]
[0.026761390268802643]
[0.009763953275978565]
[0.018299525603652]
[0.024449514225125313]
[0.11430138349533081]
[0.5110106468200684]
[0.9715196490287781]
[0.9800472855567932]
[0.9682222604751587]
[0.9807462692260742]
[0.8843172788619995]
[0.11248072236776352]
[0.9905885457992554]
[0.9926315546035767]
[0.9900684952735901]
[0.9914442896842957]
[0.9924598336219788]
[0.9889688491821289]
[0.9905748963356018]
[0.9912360906600952]
[0.9926266074180603]
[0.9827385544776917]
[0.9923456311225891]
[0.9902874231338501]
[0.9895141124725342]
[0.9914098381996155]
[0.9925215840339661]
[0.9927290081977844]
[0.040041081607341766]
[0.38743093609809875]
[0.4364870488643646]
[0.9426186084747314]
[0.9242982268333435]
[0.6753037571907043]
[0.9812876582145691]
[0.9543296098709106]
[0.7002272009849548]
[0.16296526789665222]
[0.08484554290771484]
[0.014846802689135075]
[0.0152692049741745]
[0.024602603167295456]
[0.028268029913306236]
[0.01037424523383379]
[0.04322618618607521]
[0.01515350490808487]
[0.332316517829895]
[0.03704255074262619]
[0.027448872104287148]
[0.015231323428452015]
[0.038560524582862854]
[0.025094283744692802]
[0.01576736941933632]
[0.04020871967077255]
[0.9035744667053223]
[0.029254544526338577]
[0.022375062108039856]
[0.9593913555145264]
[0.03637801110744476]
[0.16173005104064941]
[0.02495591714978218]
[0.9833782911300659]
[0.9437044858932495]
[0.29418501257896423]
[0.016889091581106186]
[0.9712805151939392]
[0.025741545483469963]
[0.020473318174481392]
[0.018856657668948174]
[0.016166670247912407]
[0.9922745823860168]
[0.9773847460746765]
[0.5073374509811401]
[0.03363298997282982]
[0.9642996788024902]
[0.9185758233070374]
[0.6205168962478638]
[0.054584916681051254]
[0.9690413475036621]
[0.989968478679657]
[0.9870796799659729]
[0.9789617657661438]
[0.44505053758621216]
[0.41523808240890503]
[0.0358893908560276]
[0.05374802276492119]
[0.9495664834976196]
[0.8909868001937866]
[0.06468475610017776]
[0.45557746291160583]
[0.03238923102617264]
[0.023255551233887672]
[0.01712108589708805]
[0.07524453848600388]
[0.02555067278444767]
[0.04365558177232742]
[0.6458309292793274]
[0.029614124447107315]
[0.027688520029187202]
[0.06768397986888885]
[0.043270718306303024]
[0.024992238730192184]
[0.024629244580864906]
[0.016451021656394005]
[0.0805661678314209]
[0.04900335893034935]
[0.04867419973015785]
[0.018773451447486877]
[0.022848082706332207]
[0.03522862121462822]
[0.015430513769388199]
[0.020652906969189644]
[0.050735171884298325]
[0.04521698132157326]
[0.06532159447669983]
[0.8784247040748596]
[0.11617971956729889]
[0.1603052020072937]
[0.989891529083252]
[0.9709008932113647]
[0.9750753045082092]
[0.019680701196193695]
[0.021108729764819145]
[0.028103798627853394]
[0.9653797149658203]
[0.9462732076644897]
[0.03957487642765045]
[0.030288735404610634]
[0.23973801732063293]
[0.02900676243007183]
[0.022007785737514496]
[0.33523160219192505]
[0.03495940938591957]
[0.36371317505836487]
[0.9859822988510132]
[0.02804013155400753]
[0.8272108435630798]
[0.5731198787689209]
[0.46280637383461]
[0.9559004902839661]
[0.7600838541984558]
[0.18553276360034943]
[0.054328612983226776]
[0.6826072931289673]
[0.9772182106971741]
[0.03519074618816376]
[0.9690132141113281]
[0.961414635181427]
[0.9857690930366516]
[0.7960342168807983]
[0.011199750006198883]
[0.02558773383498192]
[0.03369741141796112]
[0.9352520704269409]
[0.9814563989639282]
[0.04095176234841347]
[0.03344857320189476]
[0.05042581632733345]
[0.036016061902046204]
[0.03626961633563042]
[0.027583088725805283]
[0.024773379787802696]
[0.06782770901918411]
[0.02664155513048172]
[0.056527238339185715]
[0.07519092410802841]
[0.9360496997833252]
[0.9859304428100586]
[0.98897784948349]
[0.027724826708436012]
[0.06253670901060104]
[0.034870974719524384]
[0.9908825755119324]
[0.991934061050415]
[0.9905574321746826]
[0.8905245065689087]
[0.08949626237154007]
[0.9892165660858154]
[0.9876163601875305]
[0.039165664464235306]
