[0.023426499217748642]
[0.879664957523346]
[0.9343358278274536]
[0.8860688805580139]
[0.9490772485733032]
[0.9329288601875305]
[0.9464403986930847]
[0.9505937695503235]
[0.9519665241241455]
[0.9481261968612671]
[0.9503595232963562]
[0.9513271450996399]
[0.9509296417236328]
[0.953385055065155]
[0.9520561695098877]
[0.818438708782196]
[0.10823959112167358]
[0.9274574518203735]
[0.2072257697582245]
[0.022318538278341293]
[0.02262709103524685]
[0.055315569043159485]
[0.9438320994377136]
[0.9522576332092285]
[0.6423332095146179]
[0.9502467513084412]
[0.9495801329612732]
[0.9529971480369568]
[0.9326183199882507]
[0.9380915760993958]
[0.9477291107177734]
[0.9482427835464478]
[0.7295410633087158]
[0.9443182945251465]
[0.9519292712211609]
[0.9467319250106812]
[0.9411336779594421]
[0.9378151297569275]
[0.9469361305236816]
[0.9484775066375732]
[0.9320385456085205]
[0.9468523263931274]
[0.9348718523979187]
[0.9481217861175537]
[0.9434000849723816]
[0.9416089057922363]
[0.9453227519989014]
[0.8604368567466736]
[0.02219868265092373]
[0.09344228357076645]
[0.22610090672969818]
[0.9498960375785828]
[0.9412727952003479]
[0.4171871840953827]
[0.0830354318022728]
[0.06396088749170303]
[0.02545023150742054]
[0.8764637112617493]
[0.13775527477264404]
[0.02312629297375679]
[0.024068782106041908]
[0.8300437331199646]
[0.10996207594871521]
[0.023042716085910797]
[0.5426875948905945]
[0.20731183886528015]
[0.9486066102981567]
[0.9530818462371826]
[0.9275364279747009]
[0.9412100315093994]
[0.31656527519226074]
[0.2932914197444916]
[0.20370370149612427]
[0.9474682211875916]
[0.9443272352218628]
[0.06428851932287216]
[0.6163679957389832]
[0.9514061808586121]
[0.951778769493103]
[0.8769000172615051]
[0.9014977812767029]
[0.9536119699478149]
[0.9527379274368286]
[0.9527304768562317]
[0.9531679153442383]
[0.953735888004303]
[0.951945960521698]
[0.9525899291038513]
[0.9532378315925598]
[0.9516278505325317]
[0.9530501365661621]
[0.8613117337226868]
[0.9441320896148682]
[0.2135360836982727]
[0.028419161215424538]
[0.9521943926811218]
[0.9535040259361267]
[0.9513170123100281]
[0.9493676424026489]
[0.9535362124443054]
[0.9529354572296143]
[0.8547207713127136]
[0.9186848402023315]
[0.9426198601722717]
[0.03302225098013878]
[0.1022706851363182]
[0.050499580800533295]
[0.9313220977783203]
[0.9063795208930969]
[0.3991727828979492]
[0.4751330018043518]
[0.05227205157279968]
[0.9409309029579163]
[0.9430307149887085]
[0.9349836707115173]
[0.886932909488678]
[0.9458360075950623]
[0.7040488123893738]
[0.8329047560691833]
[0.552452564239502]
[0.025775043293833733]
[0.023300332948565483]
[0.02623044326901436]
[0.023420218378305435]
[0.037144966423511505]
[0.03371112421154976]
[0.8494176864624023]
[0.022458592429757118]
[0.023046856746077538]
[0.22995597124099731]
[0.02254899963736534]
[0.025333749130368233]
[0.02651335671544075]
[0.022558847442269325]
[0.022316470742225647]
[0.022839359939098358]
[0.029071126133203506]
[0.029851647093892097]
[0.02351987548172474]
[0.022049548104405403]
[0.9408695101737976]
[0.022847916930913925]
[0.023305002599954605]
[0.025143034756183624]
[0.024358253926038742]
[0.02241927944123745]
[0.022122086957097054]
[0.022496478632092476]
[0.10677765309810638]
[0.026348715648055077]
[0.024460667744278908]
[0.028494449332356453]
[0.04105864837765694]
[0.022262373939156532]
[0.03473460301756859]
[0.9534621834754944]
[0.9525468945503235]
[0.9527458548545837]
[0.9543590545654297]
[0.952488362789154]
[0.9524631500244141]
[0.9547039270401001]
[0.9542780518531799]
[0.9530773758888245]
[0.9414465427398682]
[0.946715235710144]
[0.9345163106918335]
[0.914908766746521]
[0.9344077110290527]
[0.9437475800514221]
[0.9474599957466125]
[0.9520940184593201]
[0.9356678128242493]
[0.9487310647964478]
[0.9421999454498291]
[0.9440611004829407]
[0.9447603821754456]
[0.9503713846206665]
[0.9501957893371582]
[0.05168522894382477]
[0.17449617385864258]
[0.030392736196517944]
[0.9485003352165222]
[0.31997954845428467]
[0.09427133947610855]
[0.9484912157058716]
[0.9302202463150024]
[0.11907896399497986]
[0.02867306023836136]
[0.026985393837094307]
[0.8427906632423401]
[0.9529809355735779]
[0.9528970122337341]
[0.9526506066322327]
[0.954010546207428]
[0.8806329965591431]
[0.9541423916816711]
[0.9495124220848083]
[0.950763463973999]
[0.02675383724272251]
[0.9334540367126465]
[0.9305408596992493]
[0.386165052652359]
[0.9269675016403198]
[0.8880455493927002]
[0.9481868147850037]
[0.9479699730873108]
[0.9481882452964783]
[0.9490065574645996]
[0.9503276944160461]
[0.9094262719154358]
[0.06024286523461342]
[0.7716497182846069]
[0.836560070514679]
[0.029600096866488457]
[0.028829196467995644]
[0.9038807153701782]
[0.8678451776504517]
[0.13817499577999115]
[0.07469648122787476]
[0.8330079913139343]
[0.5854802131652832]
[0.9418983459472656]
[0.9380322694778442]
[0.9440404176712036]
[0.9503713846206665]
[0.9492670297622681]
[0.945980966091156]
[0.9514537453651428]
[0.9490240812301636]
[0.9405354261398315]
[0.9458695650100708]
[0.946303129196167]
[0.9507213234901428]
[0.9474189877510071]
[0.9528456330299377]
[0.9428244233131409]
[0.9423354268074036]
[0.9268945455551147]
[0.9278113842010498]
[0.9490105509757996]
[0.9450017809867859]
[0.9263405799865723]
[0.38870489597320557]
[0.3504716157913208]
[0.934971809387207]
[0.9008675217628479]
[0.07611091434955597]
[0.4590319097042084]
[0.783650279045105]
[0.9168278574943542]
[0.8372468948364258]
[0.8398264050483704]
[0.9155625104904175]
[0.9246362447738647]
[0.9536293148994446]
[0.8212299942970276]
[0.9516655206680298]
[0.9494696259498596]
[0.9525485038757324]
[0.9493588805198669]
[0.9497482776641846]
[0.9524867534637451]
[0.9413260221481323]
[0.9376590251922607]
[0.9541960954666138]
[0.9510054588317871]
[0.951301634311676]
[0.9071600437164307]
[0.953880250453949]
[0.9518597722053528]
[0.8958560824394226]
[0.9129572510719299]
[0.9540452361106873]
[0.9302181601524353]
[0.9316379427909851]
[0.93678218126297]
[0.9517389535903931]
[0.9523876905441284]
[0.9502498507499695]
[0.9525552988052368]
[0.8465532660484314]
[0.7026821970939636]
[0.9500823020935059]
[0.9515823125839233]
[0.950481116771698]
[0.9470224976539612]
[0.9458327889442444]
[0.9497143030166626]
[0.9518282413482666]
[0.9507993459701538]
[0.9498556852340698]
[0.9024419188499451]
[0.9393714666366577]
[0.9498608708381653]
[0.9453374743461609]
[0.9290398359298706]
[0.9438842535018921]
[0.9507293105125427]
[0.9516245126724243]
[0.9286468625068665]
[0.9330211877822876]
[0.2471369504928589]
[0.9368402361869812]
[0.8688059449195862]
[0.12247494608163834]
[0.08044295758008957]
[0.7962068319320679]
[0.884127676486969]
[0.8870148658752441]
[0.9506983757019043]
[0.764886736869812]
[0.7791536450386047]
[0.9126299619674683]
[0.8709959387779236]
[0.898364245891571]
[0.45744648575782776]
[0.6976492404937744]
[0.20141395926475525]
[0.2774665653705597]
[0.9363176226615906]
[0.8500135540962219]
[0.6503575444221497]
[0.47333449125289917]
[0.9358164072036743]
[0.9533585906028748]
[0.8551790118217468]
[0.9238171577453613]
[0.28617310523986816]
[0.859054684638977]
[0.8330975770950317]
[0.9028119444847107]
[0.4755879044532776]
[0.6138259172439575]
[0.8592336773872375]
[0.6151092052459717]
[0.8883733153343201]
[0.9271910190582275]
[0.9484752416610718]
[0.940772533416748]
[0.9315966963768005]
[0.9073689579963684]
[0.9443713426589966]
[0.9342885613441467]
[0.9465914368629456]
[0.9505930542945862]
[0.9495880007743835]
[0.9426789879798889]
[0.9494723081588745]
[0.9485320448875427]
[0.9475018382072449]
[0.9500635266304016]
[0.9512560963630676]
[0.9462462067604065]
[0.9487128257751465]
[0.9484967589378357]
[0.9247753024101257]
[0.9481117129325867]
[0.9525434374809265]
[0.9528757929801941]
[0.9180806875228882]
[0.7420674562454224]
[0.23780129849910736]
[0.9100326299667358]
[0.8353486061096191]
[0.6197531223297119]
[0.9371563196182251]
[0.639341413974762]
[0.8756297826766968]
[0.40649157762527466]
[0.7123926281929016]
[0.5288735628128052]
[0.2816411852836609]
[0.055761948227882385]
[0.06493830680847168]
[0.5248097777366638]
[0.5127906799316406]
[0.7781748175621033]
[0.8722104430198669]
[0.36501938104629517]
[0.10109763592481613]
[0.025325700640678406]
[0.2528805136680603]
[0.03400377929210663]
[0.058866895735263824]
[0.07811019569635391]
[0.6494334936141968]
[0.3745987117290497]
[0.9030717015266418]
[0.9418883323669434]
[0.9403554201126099]
[0.7027447819709778]
[0.8285598158836365]
[0.9359908103942871]
[0.9444237947463989]
[0.9281349182128906]
[0.08353414386510849]
[0.15666432678699493]
[0.046761076897382736]
[0.05262879282236099]
[0.07361171394586563]
[0.07639553397893906]
[0.9492658376693726]
[0.9275847673416138]
[0.947626531124115]
[0.9428585767745972]
[0.9484501481056213]
[0.946121871471405]
[0.9393481016159058]
[0.8746500611305237]
[0.9167444705963135]
[0.8808169364929199]
[0.8356467485427856]
[0.9011667370796204]
[0.13650673627853394]
[0.6486822366714478]
[0.6004353761672974]
[0.07943829894065857]
[0.9288603067398071]
[0.878250777721405]
[0.15862619876861572]
[0.8941258192062378]
[0.05085271596908569]
[0.029295826330780983]
[0.24013546109199524]
[0.7637813687324524]
[0.19988149404525757]
[0.28888654708862305]
[0.9226590991020203]
[0.29732516407966614]
[0.19046565890312195]
[0.056426018476486206]
[0.12846319377422333]
[0.057976000010967255]
[0.594740092754364]
[0.36292991042137146]
[0.7067000865936279]
[0.14825354516506195]
[0.19641879200935364]
[0.7372381687164307]
[0.6861855983734131]
[0.04047269746661186]
[0.7619890570640564]
[0.8081020712852478]
[0.07445190101861954]
[0.10826009511947632]
[0.8386032581329346]
[0.9275462627410889]
[0.09345870465040207]
[0.2194308489561081]
[0.9509748220443726]
[0.9497388005256653]
[0.9500224590301514]
[0.03866534307599068]
[0.03501762077212334]
[0.5150049924850464]
[0.7790820002555847]
[0.9318385124206543]
[0.42603597044944763]
[0.1528998762369156]
[0.9010674357414246]
[0.07246533781290054]
[0.04860507696866989]
[0.4014263153076172]
[0.12233541905879974]
[0.9451273083686829]
[0.9228354096412659]
[0.18491673469543457]
[0.9261728525161743]
[0.9027712941169739]
[0.9106117486953735]
[0.8999501466751099]
[0.9509128332138062]
[0.9461621046066284]
[0.9400458335876465]
[0.9443386197090149]
[0.9281233549118042]
[0.06718171387910843]
[0.945744514465332]
[0.8010949492454529]
[0.943250298500061]
[0.3089974522590637]
[0.031560126692056656]
[0.03266855329275131]
[0.03715120255947113]
[0.6676385998725891]
[0.9129751324653625]
[0.023273862898349762]
[0.02516869641840458]
[0.03953061252832413]
[0.022454310208559036]
[0.028616534546017647]
[0.11650130152702332]
[0.08592519909143448]
[0.09137694537639618]
[0.21376240253448486]
[0.028406977653503418]
[0.48496317863464355]
[0.7243661284446716]
[0.9450247883796692]
[0.9488999843597412]
[0.07371391355991364]
[0.0754360780119896]
[0.14884121716022491]
[0.9492148160934448]
[0.9444050788879395]
[0.9272407293319702]
[0.8911402821540833]
[0.9425222277641296]
[0.9118941426277161]
[0.9438153505325317]
[0.04715142026543617]
