[0.06507247686386108]
[0.8570135235786438]
[0.8803192377090454]
[0.6036782264709473]
[0.9041630625724792]
[0.6667453646659851]
[0.8978496789932251]
[0.8375400900840759]
[0.8909744024276733]
[0.9054639339447021]
[0.9100970029830933]
[0.892287015914917]
[0.9079051613807678]
[0.916039228439331]
[0.9175912141799927]
[0.3542369306087494]
[0.7893295884132385]
[0.8406044840812683]
[0.07449252903461456]
[0.022582974284887314]
[0.024580465629696846]
[0.03335496783256531]
[0.8647409677505493]
[0.8158852458000183]
[0.7175261974334717]
[0.9262469410896301]
[0.9000084400177002]
[0.9196211099624634]
[0.8714784979820251]
[0.8787247538566589]
[0.8843474984169006]
[0.8986832499504089]
[0.7451047897338867]
[0.9080954790115356]
[0.9148440957069397]
[0.9015541672706604]
[0.7850655317306519]
[0.8648611903190613]
[0.8939878344535828]
[0.9058963060379028]
[0.9110174775123596]
[0.9003738164901733]
[0.8919628262519836]
[0.9147192239761353]
[0.8948894739151001]
[0.8632610440254211]
[0.9013490676879883]
[0.63921719789505]
[0.030293721705675125]
[0.03700185567140579]
[0.04324330762028694]
[0.9150869846343994]
[0.8667668700218201]
[0.15738312900066376]
[0.05529772490262985]
[0.053983092308044434]
[0.029616257175803185]
[0.6614086031913757]
[0.07706774026155472]
[0.02353467047214508]
[0.0320502370595932]
[0.46264123916625977]
[0.0901869535446167]
[0.025552550330758095]
[0.11420111358165741]
[0.04801234230399132]
[0.9134674072265625]
[0.9241514801979065]
[0.8555236458778381]
[0.9077305793762207]
[0.2941199541091919]
[0.0658959448337555]
[0.037874944508075714]
[0.8931317925453186]
[0.8490408062934875]
[0.0334850512444973]
[0.25130483508110046]
[0.921753466129303]
[0.9211662411689758]
[0.3642578721046448]
[0.9067932963371277]
[0.9245388507843018]
[0.9231835603713989]
[0.9197056889533997]
[0.9183831214904785]
[0.9127674102783203]
[0.9056588411331177]
[0.9140499234199524]
[0.928216814994812]
[0.9279728531837463]
[0.9214609265327454]
[0.3737871050834656]
[0.8852846622467041]
[0.029571715742349625]
[0.03128718584775925]
[0.9097846150398254]
[0.9251469373703003]
[0.9017879366874695]
[0.9023371338844299]
[0.9129882454872131]
[0.9255810976028442]
[0.8992661237716675]
[0.8578678965568542]
[0.8999034762382507]
[0.02794673480093479]
[0.056227121502161026]
[0.040411870926618576]
[0.8734384775161743]
[0.45907360315322876]
[0.09695460647344589]
[0.22155247628688812]
[0.03547212481498718]
[0.9025529026985168]
[0.8613979816436768]
[0.8731153011322021]
[0.3047129809856415]
[0.8616428971290588]
[0.29897287487983704]
[0.36432603001594543]
[0.35024213790893555]
[0.024854853749275208]
[0.030770380049943924]
[0.023359769955277443]
[0.031039893627166748]
[0.03395504876971245]
[0.0380685068666935]
[0.8086049556732178]
[0.027605557814240456]
[0.029266441240906715]
[0.10852741450071335]
[0.027767229825258255]
[0.02711670659482479]
[0.02406606264412403]
[0.02295546419918537]
[0.03199905902147293]
[0.02394683286547661]
[0.028225360438227654]
[0.029407590627670288]
[0.03499038517475128]
[0.03014576993882656]
[0.8696113228797913]
[0.027273131534457207]
[0.03292187303304672]
[0.03157307952642441]
[0.02777680940926075]
[0.028605414554476738]
[0.03162882849574089]
[0.029385142028331757]
[0.04824225604534149]
[0.03233090415596962]
[0.028504356741905212]
[0.04515264183282852]
[0.06950108706951141]
[0.026201624423265457]
[0.027126004919409752]
[0.9027124643325806]
[0.9112139344215393]
[0.8932334184646606]
[0.9107909798622131]
[0.9132111668586731]
[0.8914622664451599]
[0.9071391820907593]
[0.9164036512374878]
[0.8995241522789001]
[0.8792703151702881]
[0.7782590389251709]
[0.7409494519233704]
[0.5921430587768555]
[0.8955384492874146]
[0.8521588444709778]
[0.8603000044822693]
[0.903974711894989]
[0.8862355947494507]
[0.9133046269416809]
[0.8978655338287354]
[0.9076823592185974]
[0.8517130017280579]
[0.8834352493286133]
[0.8699008822441101]
[0.03512004017829895]
[0.058724936097860336]
[0.031218955293297768]
[0.8576126098632812]
[0.14471940696239471]
[0.07345897704362869]
[0.8498950004577637]
[0.8467906713485718]
[0.4162851870059967]
[0.029761504381895065]
[0.029865022748708725]
[0.6634073257446289]
[0.908271849155426]
[0.9166468977928162]
[0.910106897354126]
[0.9283065795898438]
[0.885869562625885]
[0.9124426245689392]
[0.8912357091903687]
[0.9199483394622803]
[0.025840969756245613]
[0.871426522731781]
[0.4983808994293213]
[0.037325192242860794]
[0.5664821267127991]
[0.2793084979057312]
[0.8664706349372864]
[0.8811503648757935]
[0.9036023020744324]
[0.9032450914382935]
[0.9048794507980347]
[0.6295889616012573]
[0.06457517296075821]
[0.6180222630500793]
[0.44817954301834106]
[0.040764205157756805]
[0.036751240491867065]
[0.5035481452941895]
[0.8757967352867126]
[0.0645897164940834]
[0.03960096463561058]
[0.5274860858917236]
[0.19048276543617249]
[0.8903593420982361]
[0.8908358216285706]
[0.9111664295196533]
[0.8749402761459351]
[0.8898271918296814]
[0.908663809299469]
[0.8990753889083862]
[0.8903186321258545]
[0.8935829401016235]
[0.8995589017868042]
[0.8833954930305481]
[0.9186432361602783]
[0.9045478105545044]
[0.9045445919036865]
[0.8786596655845642]
[0.7869320511817932]
[0.9112996459007263]
[0.7874397039413452]
[0.8995164632797241]
[0.8799811601638794]
[0.8827763795852661]
[0.11094047874212265]
[0.14644190669059753]
[0.8102611899375916]
[0.762783944606781]
[0.08617743104696274]
[0.16449104249477386]
[0.4593985378742218]
[0.688351035118103]
[0.12403367459774017]
[0.21967057883739471]
[0.8236138820648193]
[0.8466471433639526]
[0.8951627612113953]
[0.33519309759140015]
[0.853624165058136]
[0.848605751991272]
[0.9031198620796204]
[0.8934286236763]
[0.8948237895965576]
[0.8975902199745178]
[0.874230146408081]
[0.8483644127845764]
[0.9110799431800842]
[0.9184145927429199]
[0.8790797591209412]
[0.72486412525177]
[0.9220204949378967]
[0.8989658355712891]
[0.6919917464256287]
[0.6278373003005981]
[0.8964267373085022]
[0.8236066699028015]
[0.7685776352882385]
[0.7904909253120422]
[0.893801748752594]
[0.9038106203079224]
[0.8977315425872803]
[0.9123055934906006]
[0.6949756741523743]
[0.35211852192878723]
[0.8452520966529846]
[0.9107899069786072]
[0.873350203037262]
[0.8631970286369324]
[0.8646180033683777]
[0.850744366645813]
[0.8898754119873047]
[0.910155177116394]
[0.8918633460998535]
[0.8574231266975403]
[0.6618400812149048]
[0.8540546894073486]
[0.8556371927261353]
[0.807343065738678]
[0.8085886240005493]
[0.8731035590171814]
[0.9000411033630371]
[0.8007417917251587]
[0.8945809602737427]
[0.04253602772951126]
[0.7082448601722717]
[0.24018606543540955]
[0.03371667116880417]
[0.0429203100502491]
[0.8679547309875488]
[0.11179620772600174]
[0.22220855951309204]
[0.9028471112251282]
[0.077860027551651]
[0.23350919783115387]
[0.4540008306503296]
[0.2570074796676636]
[0.1373414844274521]
[0.05898568406701088]
[0.03627700358629227]
[0.04761603847146034]
[0.02940899319946766]
[0.5673906803131104]
[0.3698512017726898]
[0.22925832867622375]
[0.0790322870016098]
[0.5514823198318481]
[0.911127507686615]
[0.3111683130264282]
[0.6114204525947571]
[0.05060992389917374]
[0.09441328793764114]
[0.31232157349586487]
[0.4157123565673828]
[0.17754396796226501]
[0.40481722354888916]
[0.8351119756698608]
[0.33136186003685]
[0.7983335852622986]
[0.8692232966423035]
[0.9203751087188721]
[0.8232358694076538]
[0.43256470561027527]
[0.8435630798339844]
[0.906394362449646]
[0.7739707231521606]
[0.9192601442337036]
[0.9288195967674255]
[0.9026346206665039]
[0.9056241512298584]
[0.9280182123184204]
[0.9152863621711731]
[0.9199435114860535]
[0.9139400720596313]
[0.928504467010498]
[0.8860521912574768]
[0.9262803792953491]
[0.9102486968040466]
[0.8039141893386841]
[0.9304095506668091]
[0.9254384636878967]
[0.9303002953529358]
[0.286006897687912]
[0.6578932404518127]
[0.5981916785240173]
[0.8954445719718933]
[0.897609531879425]
[0.8060068488121033]
[0.9105852246284485]
[0.8164796829223633]
[0.883078396320343]
[0.83076411485672]
[0.7921783924102783]
[0.40193790197372437]
[0.38965409994125366]
[0.04192907735705376]
[0.04561615735292435]
[0.11971832066774368]
[0.20972229540348053]
[0.7960359454154968]
[0.17706690728664398]
[0.1835036277770996]
[0.0498112253844738]
[0.03163939714431763]
[0.07484868913888931]
[0.033989205956459045]
[0.05696659907698631]
[0.03846738114953041]
[0.5548989772796631]
[0.06997290998697281]
[0.5474643111228943]
[0.9266186356544495]
[0.872990071773529]
[0.05404073745012283]
[0.3370664715766907]
[0.8843294978141785]
[0.9096431136131287]
[0.6630265116691589]
[0.2050257921218872]
[0.11936253309249878]
[0.04585240036249161]
[0.06376717239618301]
[0.0373595766723156]
[0.036932166665792465]
[0.9246361255645752]
[0.8582440614700317]
[0.9146905541419983]
[0.8842504620552063]
[0.8938836455345154]
[0.9101927876472473]
[0.8892683386802673]
[0.5373035073280334]
[0.9087003469467163]
[0.734853208065033]
[0.8181436061859131]
[0.8731788992881775]
[0.040453292429447174]
[0.043904226273298264]
[0.07301605492830276]
[0.11134672909975052]
[0.8847944736480713]
[0.6183616518974304]
[0.1084674522280693]
[0.5104249715805054]
[0.04911535605788231]
[0.029813706874847412]
[0.061543114483356476]
[0.42583659291267395]
[0.08758744597434998]
[0.0652584433555603]
[0.7668961882591248]
[0.16986903548240662]
[0.04240306094288826]
[0.03357931226491928]
[0.04042910411953926]
[0.034324999898672104]
[0.11636689305305481]
[0.10680033266544342]
[0.3875257968902588]
[0.08661431074142456]
[0.03774699196219444]
[0.556126058101654]
[0.2225378006696701]
[0.04754260554909706]
[0.519504964351654]
[0.4392494261264801]
[0.0694422572851181]
[0.07204180210828781]
[0.5795250535011292]
[0.7869057655334473]
[0.05371313542127609]
[0.14777883887290955]
[0.9280989170074463]
[0.9202805757522583]
[0.9179539084434509]
[0.028030063956975937]
[0.03373326361179352]
[0.18485568463802338]
[0.24310296773910522]
[0.7849536538124084]
[0.3281077444553375]
[0.09513848274946213]
[0.8126319050788879]
[0.030591577291488647]
[0.028946232050657272]
[0.04605294018983841]
[0.05329802259802818]
[0.8425682783126831]
[0.6390804052352905]
[0.1820698082447052]
[0.858160674571991]
[0.8328788876533508]
[0.8090308904647827]
[0.8379603028297424]
[0.9332773685455322]
[0.9059247970581055]
[0.8944066762924194]
[0.9076273441314697]
[0.9052886962890625]
[0.18259377777576447]
[0.8371710777282715]
[0.7391387820243835]
[0.8390558958053589]
[0.09577154368162155]
[0.03320975601673126]
[0.04862714558839798]
[0.049156345427036285]
[0.10519219189882278]
[0.5918385982513428]
[0.02800675295293331]
[0.03277425840497017]
[0.03711181879043579]
[0.028105543926358223]
[0.02828153781592846]
[0.04877004772424698]
[0.03694193810224533]
[0.04700302705168724]
[0.04115092381834984]
[0.025184057652950287]
[0.13547003269195557]
[0.22496795654296875]
[0.9081078171730042]
[0.9025667309761047]
[0.0492057166993618]
[0.06117960065603256]
[0.041244298219680786]
[0.9062764644622803]
[0.9144012928009033]
[0.8931167721748352]
[0.8098649382591248]
[0.8645382523536682]
[0.890414297580719]
[0.8964061141014099]
[0.4603593945503235]
