[0.060670044273138046]
[0.9667373299598694]
[0.9687873721122742]
[0.9308992624282837]
[0.9810128808021545]
[0.9004537463188171]
[0.9781090021133423]
[0.9810954928398132]
[0.9817414879798889]
[0.9814305901527405]
[0.9787705540657043]
[0.9817292094230652]
[0.9813123345375061]
[0.9793865084648132]
[0.9802120923995972]
[0.3480929732322693]
[0.27786675095558167]
[0.9814980030059814]
[0.26620954275131226]
[0.044690731912851334]
[0.04484773799777031]
[0.15255729854106903]
[0.9806468486785889]
[0.9810470938682556]
[0.718435525894165]
[0.981536328792572]
[0.9817807674407959]
[0.9821950793266296]
[0.9790215492248535]
[0.9802324771881104]
[0.9820844531059265]
[0.9820227026939392]
[0.9674263596534729]
[0.9819208979606628]
[0.9830955862998962]
[0.9823006391525269]
[0.9784687161445618]
[0.9801336526870728]
[0.9793323278427124]
[0.9805126190185547]
[0.9797041416168213]
[0.9783514142036438]
[0.9790442585945129]
[0.9820605516433716]
[0.9808235168457031]
[0.9824009537696838]
[0.9795882701873779]
[0.4125204086303711]
[0.04510892182588577]
[0.08690555393695831]
[0.1770019680261612]
[0.9821328520774841]
[0.9816164970397949]
[0.9334059357643127]
[0.19619286060333252]
[0.1253557801246643]
[0.060092195868492126]
[0.3108934164047241]
[0.7125874757766724]
[0.04496166110038757]
[0.05804309993982315]
[0.8896827697753906]
[0.43652811646461487]
[0.04506354406476021]
[0.6950972676277161]
[0.23678578436374664]
[0.9792855381965637]
[0.9810793399810791]
[0.31265586614608765]
[0.9818152785301208]
[0.5358553528785706]
[0.19187530875205994]
[0.117520771920681]
[0.9802867770195007]
[0.9799736738204956]
[0.1491525024175644]
[0.8390339612960815]
[0.9811906218528748]
[0.9801523089408875]
[0.9475142359733582]
[0.9781777858734131]
[0.9825085401535034]
[0.9825626611709595]
[0.9822494983673096]
[0.9824531078338623]
[0.9828936457633972]
[0.9809281229972839]
[0.9822680950164795]
[0.9823268055915833]
[0.9818166494369507]
[0.981878936290741]
[0.7871803641319275]
[0.977313220500946]
[0.11121093481779099]
[0.051576752215623856]
[0.9825477004051208]
[0.9817402362823486]
[0.9814545512199402]
[0.981485903263092]
[0.9824864864349365]
[0.9818253517150879]
[0.9792578816413879]
[0.9710000157356262]
[0.9817926287651062]
[0.10795621573925018]
[0.1273522973060608]
[0.07630497962236404]
[0.9692375063896179]
[0.9683867692947388]
[0.49683690071105957]
[0.3713477849960327]
[0.2713664472103119]
[0.9459770917892456]
[0.9390488862991333]
[0.957611083984375]
[0.9690960645675659]
[0.9771738052368164]
[0.19865483045578003]
[0.3401341140270233]
[0.2302228808403015]
[0.05190053954720497]
[0.07343777269124985]
[0.04837951809167862]
[0.04538990184664726]
[0.0692213773727417]
[0.07632926106452942]
[0.31848666071891785]
[0.05121361464262009]
[0.0581531785428524]
[0.18837252259254456]
[0.04614045470952988]
[0.053977906703948975]
[0.04832887649536133]
[0.04843416064977646]
[0.047136928886175156]
[0.04637141525745392]
[0.06998208165168762]
[0.07641839981079102]
[0.05846403166651726]
[0.05091903358697891]
[0.3594294786453247]
[0.0555267371237278]
[0.06391152739524841]
[0.05500630661845207]
[0.05258951708674431]
[0.051301904022693634]
[0.04994278773665428]
[0.06957757472991943]
[0.14239999651908875]
[0.052876148372888565]
[0.053325116634368896]
[0.08072497695684433]
[0.1288740038871765]
[0.04554341360926628]
[0.04842798039317131]
[0.981872022151947]
[0.9815329909324646]
[0.9812532067298889]
[0.981347918510437]
[0.9814995527267456]
[0.9817574620246887]
[0.9822677969932556]
[0.9813729524612427]
[0.9817001223564148]
[0.9756666421890259]
[0.9771972298622131]
[0.9758844375610352]
[0.9248430132865906]
[0.8987419009208679]
[0.9770260453224182]
[0.9741861820220947]
[0.977523148059845]
[0.1606079787015915]
[0.9778276085853577]
[0.842056155204773]
[0.9784843325614929]
[0.9764260649681091]
[0.979598879814148]
[0.9796139001846313]
[0.06437886506319046]
[0.16069099307060242]
[0.06212012469768524]
[0.9780645370483398]
[0.7093378305435181]
[0.09842811524868011]
[0.9788116812705994]
[0.9669275283813477]
[0.2678966224193573]
[0.054278552532196045]
[0.04460069537162781]
[0.5009771585464478]
[0.9796864986419678]
[0.982488214969635]
[0.9813271164894104]
[0.9800319671630859]
[0.9730901122093201]
[0.9801226258277893]
[0.9804366230964661]
[0.9783515334129333]
[0.04900259152054787]
[0.973324179649353]
[0.9791259765625]
[0.11222580820322037]
[0.8627857565879822]
[0.33855217695236206]
[0.9810073971748352]
[0.9805372357368469]
[0.9798712134361267]
[0.9813267588615417]
[0.9800136089324951]
[0.9336854219436646]
[0.172428697347641]
[0.8602877259254456]
[0.49712851643562317]
[0.08099651336669922]
[0.08681585639715195]
[0.317323237657547]
[0.9173204302787781]
[0.45018988847732544]
[0.08561307191848755]
[0.7498275637626648]
[0.240951806306839]
[0.9793559908866882]
[0.9655576944351196]
[0.9780216217041016]
[0.9810499548912048]
[0.981644868850708]
[0.9799404740333557]
[0.9817215204238892]
[0.9811595678329468]
[0.9806760549545288]
[0.9786316156387329]
[0.9816712737083435]
[0.980954647064209]
[0.9815291166305542]
[0.9810937643051147]
[0.9809147119522095]
[0.9802630543708801]
[0.9373809695243835]
[0.9781472086906433]
[0.9794711470603943]
[0.8984488844871521]
[0.9680267572402954]
[0.2676236927509308]
[0.22990116477012634]
[0.9711934924125671]
[0.9575707316398621]
[0.0870879739522934]
[0.19524960219860077]
[0.6045632362365723]
[0.9463826417922974]
[0.7575794458389282]
[0.9605844020843506]
[0.9744510054588318]
[0.9787712693214417]
[0.9813380241394043]
[0.9583078622817993]
[0.9822031259536743]
[0.9780386090278625]
[0.9805655479431152]
[0.9801830053329468]
[0.980760931968689]
[0.981905460357666]
[0.9796959161758423]
[0.796931803226471]
[0.9821962118148804]
[0.9810008406639099]
[0.9792782068252563]
[0.97612464427948]
[0.9815726280212402]
[0.9802967309951782]
[0.9770580530166626]
[0.9613233208656311]
[0.9814721345901489]
[0.9802790880203247]
[0.9757176041603088]
[0.9744216799736023]
[0.9801329374313354]
[0.980413019657135]
[0.9808989763259888]
[0.9821479320526123]
[0.960026741027832]
[0.9300644993782043]
[0.9760373830795288]
[0.9811339378356934]
[0.9754047989845276]
[0.9784277677536011]
[0.9804405570030212]
[0.9810338020324707]
[0.9798310399055481]
[0.9812976121902466]
[0.9800891876220703]
[0.9806216359138489]
[0.9766537547111511]
[0.9801908135414124]
[0.979278028011322]
[0.1667553186416626]
[0.9318839907646179]
[0.9746361970901489]
[0.9609408378601074]
[0.9532145261764526]
[0.9724657535552979]
[0.4021555781364441]
[0.9646941423416138]
[0.7965008616447449]
[0.18743589520454407]
[0.14696374535560608]
[0.38200780749320984]
[0.9475868940353394]
[0.9652358293533325]
[0.9801341891288757]
[0.2947065234184265]
[0.7623271942138672]
[0.9768483638763428]
[0.9616640210151672]
[0.976836621761322]
[0.34063875675201416]
[0.211666539311409]
[0.31500867009162903]
[0.2929207384586334]
[0.9757499098777771]
[0.832516610622406]
[0.8282300233840942]
[0.5247271060943604]
[0.9777984023094177]
[0.9811914563179016]
[0.8780642747879028]
[0.9425853490829468]
[0.2430625855922699]
[0.9068735837936401]
[0.9621168375015259]
[0.9592731595039368]
[0.48273712396621704]
[0.5898308157920837]
[0.462150901556015]
[0.4568933844566345]
[0.9625141024589539]
[0.9704461097717285]
[0.9707677364349365]
[0.18659944832324982]
[0.9757595658302307]
[0.306426078081131]
[0.9323466420173645]
[0.9418492913246155]
[0.9711539149284363]
[0.9699843525886536]
[0.9738272428512573]
[0.9704663157463074]
[0.9798799157142639]
[0.9494585990905762]
[0.9705387353897095]
[0.9597487449645996]
[0.9799792766571045]
[0.9723477363586426]
[0.9802970886230469]
[0.909500002861023]
[0.9738420248031616]
[0.9798706769943237]
[0.9784748554229736]
[0.9804306626319885]
[0.2442966103553772]
[0.9048715233802795]
[0.113287054002285]
[0.8181207180023193]
[0.6224809288978577]
[0.18311807513237]
[0.9726073145866394]
[0.3581460416316986]
[0.9329094290733337]
[0.16863572597503662]
[0.11688712984323502]
[0.7128068804740906]
[0.18713204562664032]
[0.05913636088371277]
[0.06789159774780273]
[0.2037130445241928]
[0.20280703902244568]
[0.2287847250699997]
[0.5935251712799072]
[0.15931877493858337]
[0.3993215262889862]
[0.04630831256508827]
[0.5731650590896606]
[0.05848291516304016]
[0.0950871929526329]
[0.15394937992095947]
[0.5584261417388916]
[0.4050579071044922]
[0.7330056428909302]
[0.9226617217063904]
[0.9323016405105591]
[0.06405485421419144]
[0.046965934336185455]
[0.31502214074134827]
[0.9787493348121643]
[0.9444901347160339]
[0.1164870634675026]
[0.47133833169937134]
[0.0803733617067337]
[0.0942835658788681]
[0.07399436086416245]
[0.07395230233669281]
[0.9549803137779236]
[0.7566942572593689]
[0.9658498764038086]
[0.9193013310432434]
[0.9629294276237488]
[0.9624348282814026]
[0.799130916595459]
[0.20956091582775116]
[0.9699990153312683]
[0.9744449853897095]
[0.8348752856254578]
[0.9719878435134888]
[0.06139380484819412]
[0.23195526003837585]
[0.176332488656044]
[0.0820189118385315]
[0.7382437586784363]
[0.9488272070884705]
[0.12271267175674438]
[0.961039125919342]
[0.07089675962924957]
[0.04453358054161072]
[0.29744666814804077]
[0.6906569600105286]
[0.2405042052268982]
[0.17001332342624664]
[0.651643693447113]
[0.24319502711296082]
[0.17708830535411835]
[0.08149059116840363]
[0.08334878832101822]
[0.1256837397813797]
[0.3591082692146301]
[0.3329020142555237]
[0.8543612360954285]
[0.3530628979206085]
[0.19843649864196777]
[0.9543871879577637]
[0.7939354777336121]
[0.09667731076478958]
[0.8685113191604614]
[0.6389475464820862]
[0.07957762479782104]
[0.16675665974617004]
[0.7695063948631287]
[0.9632662534713745]
[0.24523814022541046]
[0.40274059772491455]
[0.9761861562728882]
[0.9529259204864502]
[0.9423956871032715]
[0.0493103489279747]
[0.08153592795133591]
[0.8157401084899902]
[0.22060710191726685]
[0.9432776570320129]
[0.5636096596717834]
[0.29743173718452454]
[0.7946307063102722]
[0.09124505519866943]
[0.07755866646766663]
[0.21022042632102966]
[0.14169743657112122]
[0.9716755151748657]
[0.9252063035964966]
[0.246320441365242]
[0.9704545140266418]
[0.9593625068664551]
[0.9680383801460266]
[0.6115120053291321]
[0.9745882749557495]
[0.9601539969444275]
[0.13364136219024658]
[0.9666973352432251]
[0.3992554247379303]
[0.11977852880954742]
[0.9739862084388733]
[0.2362392693758011]
[0.9593114852905273]
[0.07163574546575546]
[0.049847766757011414]
[0.06906210631132126]
[0.08383312076330185]
[0.6575007438659668]
[0.8394882082939148]
[0.051945529878139496]
[0.05102618783712387]
[0.0855642631649971]
[0.04448791965842247]
[0.051234252750873566]
[0.24657964706420898]
[0.09763132780790329]
[0.11571021378040314]
[0.4261680841445923]
[0.06494849920272827]
[0.20753183960914612]
[0.9081229567527771]
[0.9720244407653809]
[0.9777333736419678]
[0.13068872690200806]
[0.0859781801700592]
[0.1019984781742096]
[0.976767361164093]
[0.9731961488723755]
[0.8363491892814636]
[0.09106313437223434]
[0.5239535570144653]
[0.8321542143821716]
[0.9747786521911621]
[0.12467388808727264]
