[0.03270890563726425]
[0.7941828370094299]
[0.5701358318328857]
[0.9339367747306824]
[0.984147310256958]
[0.4566529095172882]
[0.9845786094665527]
[0.9848679900169373]
[0.9799806475639343]
[0.985428512096405]
[0.9796807169914246]
[0.9850921034812927]
[0.9852070808410645]
[0.9852443933486938]
[0.9850643277168274]
[0.9695069789886475]
[0.9337918758392334]
[0.9843651056289673]
[0.9352533221244812]
[0.03688385337591171]
[0.029385501518845558]
[0.03609189763665199]
[0.9739294052124023]
[0.9708224534988403]
[0.9697006940841675]
[0.9841650724411011]
[0.9844207763671875]
[0.983041524887085]
[0.9519569873809814]
[0.9817201495170593]
[0.9813053011894226]
[0.9840686917304993]
[0.7030489444732666]
[0.9837539792060852]
[0.9835079908370972]
[0.9850179553031921]
[0.9830800294876099]
[0.9806674718856812]
[0.9799579977989197]
[0.9823983311653137]
[0.9789996147155762]
[0.981681764125824]
[0.9797943234443665]
[0.9852645993232727]
[0.984413743019104]
[0.9850308299064636]
[0.9774911403656006]
[0.9482638239860535]
[0.04855804517865181]
[0.031004436314105988]
[0.0343850702047348]
[0.9704644083976746]
[0.9620591998100281]
[0.9819496273994446]
[0.0339098796248436]
[0.04437166452407837]
[0.04613585025072098]
[0.05176181346178055]
[0.03225470706820488]
[0.04888780415058136]
[0.041875872761011124]
[0.7423483729362488]
[0.04807274043560028]
[0.038269832730293274]
[0.02998701110482216]
[0.06302149593830109]
[0.9809108376502991]
[0.9844257831573486]
[0.03342887759208679]
[0.982142984867096]
[0.07524382323026657]
[0.046366553753614426]
[0.044144924730062485]
[0.9832725524902344]
[0.2703055441379547]
[0.07418129593133926]
[0.9603411555290222]
[0.9847210049629211]
[0.9847315549850464]
[0.9526225924491882]
[0.9832276105880737]
[0.9849809408187866]
[0.9855498671531677]
[0.9856350421905518]
[0.9851768016815186]
[0.9855834245681763]
[0.9847072958946228]
[0.9842172861099243]
[0.9848039150238037]
[0.9857217073440552]
[0.9854915738105774]
[0.08287916332483292]
[0.5898742079734802]
[0.05872645601630211]
[0.0507165789604187]
[0.9650519490242004]
[0.9792473912239075]
[0.9848543405532837]
[0.984410285949707]
[0.9854017496109009]
[0.9852033853530884]
[0.9846275448799133]
[0.9802166819572449]
[0.9536274671554565]
[0.17308223247528076]
[0.04596045985817909]
[0.04774479195475578]
[0.7851952910423279]
[0.4851606488227844]
[0.981038510799408]
[0.9635111093521118]
[0.03173956647515297]
[0.6383101344108582]
[0.9824854135513306]
[0.9789087772369385]
[0.9658452868461609]
[0.96028733253479]
[0.18132391571998596]
[0.20454013347625732]
[0.2629730701446533]
[0.029212381690740585]
[0.04414333775639534]
[0.034618694335222244]
[0.04105466231703758]
[0.031390003859996796]
[0.041073184460401535]
[0.10375110805034637]
[0.039218250662088394]
[0.03888551890850067]
[0.05290135741233826]
[0.03407688066363335]
[0.03093242645263672]
[0.034361403435468674]
[0.03839166834950447]
[0.03173486143350601]
[0.03211351856589317]
[0.02976485900580883]
[0.03256414458155632]
[0.034226808696985245]
[0.03261864185333252]
[0.053455524146556854]
[0.04789860174059868]
[0.04600925371050835]
[0.04075239226222038]
[0.04130085930228233]
[0.051133181899785995]
[0.03412899002432823]
[0.03641441836953163]
[0.03919539228081703]
[0.03343838080763817]
[0.041386447846889496]
[0.03167859464883804]
[0.03164709731936455]
[0.033682264387607574]
[0.04312406852841377]
[0.985809862613678]
[0.9856128096580505]
[0.9850674867630005]
[0.9855820536613464]
[0.9854635000228882]
[0.9848548769950867]
[0.985798716545105]
[0.9855852723121643]
[0.9852157831192017]
[0.9563894867897034]
[0.9843793511390686]
[0.760826051235199]
[0.9231642484664917]
[0.7099756598472595]
[0.9171688556671143]
[0.944162905216217]
[0.9846345782279968]
[0.0463704876601696]
[0.9833068251609802]
[0.9711442589759827]
[0.9750300049781799]
[0.9812710881233215]
[0.9835054278373718]
[0.9838674068450928]
[0.047705478966236115]
[0.05514606833457947]
[0.051664140075445175]
[0.9808238744735718]
[0.8845160007476807]
[0.04771779105067253]
[0.9838988184928894]
[0.9675296545028687]
[0.046587392687797546]
[0.062318865209817886]
[0.057891491800546646]
[0.483933687210083]
[0.9850685000419617]
[0.9851186275482178]
[0.9854322075843811]
[0.9853495955467224]
[0.983156144618988]
[0.9851731061935425]
[0.9828671813011169]
[0.9781739115715027]
[0.02784218266606331]
[0.9814403057098389]
[0.9846169948577881]
[0.04994693771004677]
[0.9774961471557617]
[0.9803844690322876]
[0.9848078489303589]
[0.9842521548271179]
[0.9840914607048035]
[0.9834981560707092]
[0.984245240688324]
[0.979563295841217]
[0.08117060363292694]
[0.922155499458313]
[0.5939103960990906]
[0.03367041423916817]
[0.03159663826227188]
[0.8920194506645203]
[0.1921001374721527]
[0.8961247205734253]
[0.033857252448797226]
[0.03359585255384445]
[0.040222253650426865]
[0.967219889163971]
[0.9770438075065613]
[0.9815033674240112]
[0.9835537672042847]
[0.9843910932540894]
[0.984309196472168]
[0.9852553606033325]
[0.9828595519065857]
[0.9836689829826355]
[0.9813774228096008]
[0.9830635190010071]
[0.9840155839920044]
[0.981938898563385]
[0.9839003086090088]
[0.958784818649292]
[0.9457408785820007]
[0.9755615592002869]
[0.07295357435941696]
[0.8973304033279419]
[0.9434423446655273]
[0.9738848805427551]
[0.03483228757977486]
[0.36579617857933044]
[0.4607384204864502]
[0.7537415027618408]
[0.4900285005569458]
[0.06764157861471176]
[0.3435553014278412]
[0.9813778400421143]
[0.9781280159950256]
[0.25272291898727417]
[0.9842401742935181]
[0.9852091670036316]
[0.985012412071228]
[0.9781767129898071]
[0.9855802059173584]
[0.9844581484794617]
[0.9844256639480591]
[0.9850655198097229]
[0.9850242137908936]
[0.9854311943054199]
[0.983986496925354]
[0.9846798777580261]
[0.9852547645568848]
[0.9852346777915955]
[0.9840086698532104]
[0.9839633107185364]
[0.9849621057510376]
[0.9847747683525085]
[0.9835298657417297]
[0.9808746576309204]
[0.9851996898651123]
[0.9845491647720337]
[0.9829328060150146]
[0.9822616577148438]
[0.9845401644706726]
[0.9840514063835144]
[0.9850030541419983]
[0.983817458152771]
[0.9837468266487122]
[0.982943058013916]
[0.9836307764053345]
[0.9845514893531799]
[0.9834735989570618]
[0.9849493503570557]
[0.984765887260437]
[0.9852524399757385]
[0.9843708872795105]
[0.9845294952392578]
[0.9849849939346313]
[0.984704852104187]
[0.9838358163833618]
[0.9842819571495056]
[0.9853380918502808]
[0.9718174934387207]
[0.9797430634498596]
[0.9833427667617798]
[0.9794549942016602]
[0.980209469795227]
[0.9830779433250427]
[0.729996919631958]
[0.9699766039848328]
[0.978329062461853]
[0.1263795644044876]
[0.0627356469631195]
[0.9776772856712341]
[0.9821158647537231]
[0.9796109199523926]
[0.9830150604248047]
[0.8664708137512207]
[0.9774511456489563]
[0.9823274612426758]
[0.9659545421600342]
[0.9806093573570251]
[0.042409829795360565]
[0.04275187849998474]
[0.9368939995765686]
[0.06878556311130524]
[0.9813534021377563]
[0.9812971353530884]
[0.9650759696960449]
[0.9632781744003296]
[0.9840467572212219]
[0.9845645427703857]
[0.9774723649024963]
[0.9805920720100403]
[0.962695300579071]
[0.9644531607627869]
[0.9745688438415527]
[0.9750781655311584]
[0.6197962164878845]
[0.35638654232025146]
[0.14869113266468048]
[0.05216711387038231]
[0.6479388475418091]
[0.8786086440086365]
[0.984034538269043]
[0.8078247308731079]
[0.9835222959518433]
[0.9741846919059753]
[0.9794477820396423]
[0.983880341053009]
[0.9846780300140381]
[0.9854534268379211]
[0.9842380881309509]
[0.9842745661735535]
[0.9842532277107239]
[0.9840933084487915]
[0.9846722483634949]
[0.9842275977134705]
[0.9852764010429382]
[0.9818410277366638]
[0.985171914100647]
[0.9836810827255249]
[0.9827610850334167]
[0.9851862788200378]
[0.984776496887207]
[0.9847651720046997]
[0.04530539736151695]
[0.8973753452301025]
[0.10618649423122406]
[0.9681206941604614]
[0.6439305543899536]
[0.12012536823749542]
[0.9828934073448181]
[0.9527233242988586]
[0.7447250485420227]
[0.05697545409202576]
[0.9326382279396057]
[0.09438817948102951]
[0.1174163892865181]
[0.04199559614062309]
[0.042958494275808334]
[0.039549726992845535]
[0.5516220331192017]
[0.7119123935699463]
[0.8659871816635132]
[0.04567272961139679]
[0.5930224061012268]
[0.04634271189570427]
[0.041272830218076706]
[0.0395154170691967]
[0.04246370866894722]
[0.046314314007759094]
[0.8760951161384583]
[0.0709383487701416]
[0.3577249348163605]
[0.9817606806755066]
[0.980301558971405]
[0.04255538433790207]
[0.04583384469151497]
[0.9810081720352173]
[0.9835150241851807]
[0.9749071598052979]
[0.03934326767921448]
[0.9688599109649658]
[0.06067800521850586]
[0.05609513446688652]
[0.03957996889948845]
[0.03971563279628754]
[0.9846023321151733]
[0.9817560911178589]
[0.9792131781578064]
[0.6427090764045715]
[0.9815804362297058]
[0.9813470840454102]
[0.9760361313819885]
[0.04410413280129433]
[0.9803988337516785]
[0.9644728899002075]
[0.9574313163757324]
[0.9242249727249146]
[0.12860970199108124]
[0.8365082144737244]
[0.4931130111217499]
[0.23607681691646576]
[0.9753211140632629]
[0.9522671699523926]
[0.053751908242702484]
[0.9754903316497803]
[0.03872246295213699]
[0.045435160398483276]
[0.4517841935157776]
[0.5722299814224243]
[0.06811421364545822]
[0.041274674236774445]
[0.970221757888794]
[0.06552077829837799]
[0.041350219398736954]
[0.042010221630334854]
[0.04883180186152458]
[0.04260712489485741]
[0.05988425761461258]
[0.06576385349035263]
[0.1572800874710083]
[0.04480919986963272]
[0.037410154938697815]
[0.1287754476070404]
[0.20571212470531464]
[0.03777642920613289]
[0.16792918741703033]
[0.043926216661930084]
[0.041833728551864624]
[0.04140317440032959]
[0.9728567600250244]
[0.9810116291046143]
[0.04842793941497803]
[0.0540180504322052]
[0.9843176603317261]
[0.9816779494285583]
[0.9804845452308655]
[0.0452115461230278]
[0.03924250602722168]
[0.058162983506917953]
[0.9122478365898132]
[0.9667883515357971]
[0.4663067162036896]
[0.044408731162548065]
[0.9447909593582153]
[0.03621760383248329]
[0.035135895013809204]
[0.11048159748315811]
[0.838636040687561]
[0.9717959761619568]
[0.9797520637512207]
[0.5220862030982971]
[0.9323636293411255]
[0.962285578250885]
[0.9654112458229065]
[0.9450482130050659]
[0.9837883710861206]
[0.9800443053245544]
[0.30348020792007446]
[0.9814984202384949]
[0.9740526676177979]
[0.2592749297618866]
[0.9561794400215149]
[0.9198830127716064]
[0.9822767376899719]
[0.8128604888916016]
[0.038064900785684586]
[0.0504462756216526]
[0.04048067703843117]
[0.9071622490882874]
[0.9760554432868958]
[0.033906854689121246]
[0.03404897078871727]
[0.04072098433971405]
[0.03257333114743233]
[0.025375904515385628]
[0.07267080247402191]
[0.024559540674090385]
[0.649212121963501]
[0.02613803558051586]
[0.025740403681993484]
[0.8735501766204834]
[0.9216232895851135]
[0.9755810499191284]
[0.9782428741455078]
[0.06515674293041229]
[0.029533924534916878]
[0.031277116388082504]
[0.9848554730415344]
[0.9836483001708984]
[0.9840406179428101]
[0.20043885707855225]
[0.9769504070281982]
[0.9789844155311584]
[0.9774624109268188]
[0.07733263820409775]
