[0.1615438610315323]
[0.9461896419525146]
[0.959111750125885]
[0.9355114698410034]
[0.9805397987365723]
[0.9666993618011475]
[0.9731056690216064]
[0.9813374280929565]
[0.9809710383415222]
[0.9781093597412109]
[0.9804120063781738]
[0.9815713763237]
[0.9807206988334656]
[0.9816120266914368]
[0.979076623916626]
[0.1646292358636856]
[0.9575110673904419]
[0.9763111472129822]
[0.22567422688007355]
[0.1140112429857254]
[0.12928536534309387]
[0.1781456619501114]
[0.34503647685050964]
[0.9755178689956665]
[0.9476620554924011]
[0.9797537922859192]
[0.9790846109390259]
[0.9803302884101868]
[0.96707683801651]
[0.9614346027374268]
[0.9756664037704468]
[0.9777389168739319]
[0.9482668042182922]
[0.9772961735725403]
[0.9801692366600037]
[0.9771109819412231]
[0.9681090712547302]
[0.9710614085197449]
[0.9718495607376099]
[0.9743296504020691]
[0.9726219773292542]
[0.9677122831344604]
[0.9669600129127502]
[0.9774162769317627]
[0.9755237698554993]
[0.9763323068618774]
[0.9742911458015442]
[0.9273268580436707]
[0.1434633731842041]
[0.19309787452220917]
[0.18588970601558685]
[0.9799124598503113]
[0.9760541915893555]
[0.928366482257843]
[0.20264719426631927]
[0.18831150233745575]
[0.1576719433069229]
[0.3685968816280365]
[0.19564023613929749]
[0.13707588613033295]
[0.16412952542304993]
[0.45129382610321045]
[0.7824801802635193]
[0.12142769992351532]
[0.9056013822555542]
[0.19929204881191254]
[0.9729443192481995]
[0.9783627986907959]
[0.22457477450370789]
[0.9732319116592407]
[0.2385675609111786]
[0.22474946081638336]
[0.1760823279619217]
[0.9720855951309204]
[0.8394477963447571]
[0.145929217338562]
[0.21531794965267181]
[0.9761214256286621]
[0.9750681519508362]
[0.215790256857872]
[0.9708144664764404]
[0.9806982278823853]
[0.9774316549301147]
[0.9812186360359192]
[0.9815472364425659]
[0.9806995987892151]
[0.9802737236022949]
[0.9780398011207581]
[0.9805862903594971]
[0.981640636920929]
[0.9788916110992432]
[0.17676697671413422]
[0.35893020033836365]
[0.14328518509864807]
[0.12761642038822174]
[0.9815911054611206]
[0.9814526438713074]
[0.976277768611908]
[0.9775121808052063]
[0.9798191785812378]
[0.9803787469863892]
[0.9760757684707642]
[0.8930523991584778]
[0.7779549956321716]
[0.14607131481170654]
[0.17993901669979095]
[0.14529816806316376]
[0.9729338884353638]
[0.255291610956192]
[0.22055146098136902]
[0.23140229284763336]
[0.14317621290683746]
[0.916316568851471]
[0.9643985033035278]
[0.9600040912628174]
[0.9491580724716187]
[0.9675833582878113]
[0.18361811339855194]
[0.21151378750801086]
[0.22226117551326752]
[0.13943138718605042]
[0.15134592354297638]
[0.13086985051631927]
[0.1358361840248108]
[0.1742302030324936]
[0.17054949700832367]
[0.9323853850364685]
[0.1320629119873047]
[0.13564231991767883]
[0.18889285624027252]
[0.12755616009235382]
[0.14104197919368744]
[0.12368786334991455]
[0.13534380495548248]
[0.12871584296226501]
[0.1338469535112381]
[0.1714804619550705]
[0.17870064079761505]
[0.14590543508529663]
[0.13042117655277252]
[0.8046203255653381]
[0.1333000361919403]
[0.13722443580627441]
[0.13224945962429047]
[0.1337938904762268]
[0.1347963809967041]
[0.12848420441150665]
[0.15148964524269104]
[0.20186841487884521]
[0.13430574536323547]
[0.13602657616138458]
[0.16034887731075287]
[0.19374912977218628]
[0.12820999324321747]
[0.12914861738681793]
[0.9817150831222534]
[0.9813873767852783]
[0.9805914759635925]
[0.981848955154419]
[0.9814440011978149]
[0.9804321527481079]
[0.9820482730865479]
[0.9807387590408325]
[0.9800966382026672]
[0.9478257894515991]
[0.8191601634025574]
[0.9630863070487976]
[0.17901845276355743]
[0.2624201476573944]
[0.9431468844413757]
[0.9181650876998901]
[0.9801881313323975]
[0.1957680583000183]
[0.9647443890571594]
[0.2143760770559311]
[0.9690178036689758]
[0.9646588563919067]
[0.9689150452613831]
[0.9705678224563599]
[0.16676244139671326]
[0.18057383596897125]
[0.15329314768314362]
[0.978046178817749]
[0.9340787529945374]
[0.16497306525707245]
[0.9796786308288574]
[0.9286843538284302]
[0.3051183521747589]
[0.13679073750972748]
[0.12549073994159698]
[0.20105129480361938]
[0.981458842754364]
[0.9819798469543457]
[0.9804232120513916]
[0.9818184971809387]
[0.9728637337684631]
[0.9795485734939575]
[0.9786815047264099]
[0.975760281085968]
[0.13260237872600555]
[0.8383832573890686]
[0.9711237549781799]
[0.16346260905265808]
[0.213100865483284]
[0.21874618530273438]
[0.9752714037895203]
[0.9785005450248718]
[0.9783915877342224]
[0.9793673157691956]
[0.9798532724380493]
[0.9536759257316589]
[0.2108973264694214]
[0.9461672306060791]
[0.22218261659145355]
[0.17845363914966583]
[0.17217041552066803]
[0.4401859939098358]
[0.8808720707893372]
[0.9488565325737]
[0.15341152250766754]
[0.9175459742546082]
[0.7105677723884583]
[0.9740609526634216]
[0.9737350940704346]
[0.9764811992645264]
[0.9786261320114136]
[0.977859616279602]
[0.979448139667511]
[0.9787886142730713]
[0.9799360036849976]
[0.9752528071403503]
[0.9803656935691833]
[0.9803839325904846]
[0.9801996946334839]
[0.9794720411300659]
[0.981491208076477]
[0.9733874201774597]
[0.9765350818634033]
[0.9731118083000183]
[0.9514715671539307]
[0.9800451397895813]
[0.9534441828727722]
[0.9666436314582825]
[0.19664648175239563]
[0.7219029664993286]
[0.9673648476600647]
[0.9744627475738525]
[0.18230393528938293]
[0.21623621881008148]
[0.8658109903335571]
[0.4370296597480774]
[0.3145223557949066]
[0.2282547652721405]
[0.9722655415534973]
[0.9728781580924988]
[0.9781463146209717]
[0.22312791645526886]
[0.9773899912834167]
[0.9774025082588196]
[0.9791558980941772]
[0.9777026772499084]
[0.9767537117004395]
[0.9794691801071167]
[0.9770185351371765]
[0.8089775443077087]
[0.9808250069618225]
[0.9796885848045349]
[0.9582688808441162]
[0.9751970767974854]
[0.980383038520813]
[0.9810243844985962]
[0.9689615368843079]
[0.9494231343269348]
[0.9796491265296936]
[0.9756672978401184]
[0.9615026712417603]
[0.9672638177871704]
[0.9796908497810364]
[0.9802210330963135]
[0.9521653056144714]
[0.9772491455078125]
[0.9182792901992798]
[0.9266027808189392]
[0.9658931493759155]
[0.978391706943512]
[0.9739691019058228]
[0.9783338308334351]
[0.9786674380302429]
[0.9743350744247437]
[0.9056991338729858]
[0.9771143794059753]
[0.9717634320259094]
[0.9711846113204956]
[0.9622994661331177]
[0.9744383096694946]
[0.9680066108703613]
[0.216846764087677]
[0.9387372732162476]
[0.9656770825386047]
[0.8697717785835266]
[0.8192546367645264]
[0.9729470014572144]
[0.2140873521566391]
[0.9664722681045532]
[0.9476183652877808]
[0.20973864197731018]
[0.20516091585159302]
[0.41285714507102966]
[0.24092036485671997]
[0.9455828666687012]
[0.9797772765159607]
[0.7751004099845886]
[0.9223901629447937]
[0.7616557478904724]
[0.22822196781635284]
[0.21582023799419403]
[0.46181556582450867]
[0.15108361840248108]
[0.18722569942474365]
[0.16676396131515503]
[0.9704689979553223]
[0.9621347784996033]
[0.23415498435497284]
[0.2053072303533554]
[0.8785411715507507]
[0.9803053140640259]
[0.9471827149391174]
[0.9409186840057373]
[0.26197412610054016]
[0.9435068368911743]
[0.19373606145381927]
[0.23548133671283722]
[0.21820616722106934]
[0.23276327550411224]
[0.1883990317583084]
[0.18661335110664368]
[0.9497134685516357]
[0.942756712436676]
[0.22106997668743134]
[0.18725654482841492]
[0.19052231311798096]
[0.18939155340194702]
[0.23592479526996613]
[0.20035578310489655]
[0.19265641272068024]
[0.9481521248817444]
[0.9627715349197388]
[0.6878904700279236]
[0.9688631296157837]
[0.7905980944633484]
[0.9608162641525269]
[0.875527024269104]
[0.9754168391227722]
[0.9524617791175842]
[0.9778489470481873]
[0.927280604839325]
[0.963502824306488]
[0.9783226251602173]
[0.9632629156112671]
[0.9726952910423279]
[0.17795127630233765]
[0.17651844024658203]
[0.16822651028633118]
[0.19282805919647217]
[0.21077120304107666]
[0.18324624001979828]
[0.2648736238479614]
[0.18087829649448395]
[0.19376426935195923]
[0.17929011583328247]
[0.1581447869539261]
[0.24262407422065735]
[0.18097835779190063]
[0.15896491706371307]
[0.15527981519699097]
[0.18642114102840424]
[0.18555185198783875]
[0.18644793331623077]
[0.1986546665430069]
[0.18534496426582336]
[0.16344551742076874]
[0.12949885427951813]
[0.17647089064121246]
[0.13357290625572205]
[0.16569800674915314]
[0.17713046073913574]
[0.17333149909973145]
[0.19061705470085144]
[0.18982547521591187]
[0.2350144386291504]
[0.9482789039611816]
[0.15223175287246704]
[0.14602576196193695]
[0.20099276304244995]
[0.9561783075332642]
[0.8805631995201111]
[0.17582549154758453]
[0.21524223685264587]
[0.17638686299324036]
[0.17332740128040314]
[0.1428179144859314]
[0.14783470332622528]
[0.1948992908000946]
[0.2039128988981247]
[0.36041274666786194]
[0.1922638863325119]
[0.2005937546491623]
[0.2392129898071289]
[0.19261498749256134]
[0.17935451865196228]
[0.9753722548484802]
[0.21408261358737946]
[0.2411421537399292]
[0.7470441460609436]
[0.14646939933300018]
[0.15629242360591888]
[0.16567860543727875]
[0.17588624358177185]
[0.20038267970085144]
[0.3657211661338806]
[0.18260475993156433]
[0.2650063633918762]
[0.17058619856834412]
[0.13934184610843658]
[0.16679535806179047]
[0.17285269498825073]
[0.173081636428833]
[0.16528555750846863]
[0.3239869177341461]
[0.17101143300533295]
[0.16175763309001923]
[0.16667205095291138]
[0.15277698636054993]
[0.16627196967601776]
[0.1833556741476059]
[0.1794430911540985]
[0.22828663885593414]
[0.18681885302066803]
[0.1581052988767624]
[0.8379923105239868]
[0.17366141080856323]
[0.17247043550014496]
[0.20087496936321259]
[0.19158457219600677]
[0.16749006509780884]
[0.18816636502742767]
[0.1901704967021942]
[0.47348645329475403]
[0.17780223488807678]
[0.18507567048072815]
[0.9053406715393066]
[0.5006558299064636]
[0.5795784592628479]
[0.14056192338466644]
[0.15567095577716827]
[0.1972106397151947]
[0.18953822553157806]
[0.2118120938539505]
[0.20531737804412842]
[0.18818941712379456]
[0.21149632334709167]
[0.18302036821842194]
[0.15295757353305817]
[0.1528511494398117]
[0.18617072701454163]
[0.962706446647644]
[0.5137075781822205]
[0.20397205650806427]
[0.2722128927707672]
[0.644061267375946]
[0.9418399930000305]
[0.22643370926380157]
[0.9525421261787415]
[0.9296536445617676]
[0.17872144281864166]
[0.21725130081176758]
[0.20322448015213013]
[0.1767674684524536]
[0.3398798406124115]
[0.18812626600265503]
[0.41556835174560547]
[0.16200105845928192]
[0.13513879477977753]
[0.17159773409366608]
[0.18286491930484772]
[0.22376491129398346]
[0.955886960029602]
[0.14039885997772217]
[0.150050550699234]
[0.16112221777439117]
[0.14640113711357117]
[0.14298199117183685]
[0.19852015376091003]
[0.1659458428621292]
[0.18459385633468628]
[0.16159136593341827]
[0.14917753636837006]
[0.2188921719789505]
[0.8809602856636047]
[0.960892379283905]
[0.9698646664619446]
[0.1712978035211563]
[0.14838506281375885]
[0.1608433723449707]
[0.979387640953064]
[0.9687164425849915]
[0.2235412299633026]
[0.19221021234989166]
[0.22408610582351685]
[0.9542015194892883]
[0.9760317206382751]
[0.15715615451335907]
