[0.03414264693856239]
[0.8661785125732422]
[0.9150949716567993]
[0.6906455159187317]
[0.973275363445282]
[0.3638816773891449]
[0.9715313911437988]
[0.9749235510826111]
[0.9750607013702393]
[0.974502682685852]
[0.9731137156486511]
[0.9762853384017944]
[0.9746013283729553]
[0.9782778024673462]
[0.9757460951805115]
[0.88509601354599]
[0.9371134042739868]
[0.9701247811317444]
[0.8296050429344177]
[0.030488774180412292]
[0.02885592356324196]
[0.028124352917075157]
[0.9708530306816101]
[0.9766817092895508]
[0.9298915266990662]
[0.9671785235404968]
[0.9712835550308228]
[0.9764754772186279]
[0.966143012046814]
[0.9703710079193115]
[0.9728630781173706]
[0.97425776720047]
[0.8817723393440247]
[0.9676199555397034]
[0.977850615978241]
[0.9718080163002014]
[0.9717676043510437]
[0.9683861136436462]
[0.9674791097640991]
[0.9682834148406982]
[0.9543812274932861]
[0.9570918083190918]
[0.9509349465370178]
[0.9759083986282349]
[0.9753756523132324]
[0.9757358431816101]
[0.9579142332077026]
[0.9667720794677734]
[0.03466058149933815]
[0.07576404511928558]
[0.3845060169696808]
[0.9585140347480774]
[0.846400260925293]
[0.23963923752307892]
[0.03183572366833687]
[0.17740587890148163]
[0.0359644815325737]
[0.8527559638023376]
[0.1190730407834053]
[0.033622004091739655]
[0.02751004323363304]
[0.7030285596847534]
[0.09707645326852798]
[0.019959330558776855]
[0.022685907781124115]
[0.22406738996505737]
[0.963224470615387]
[0.9761883616447449]
[0.9402827024459839]
[0.9688212871551514]
[0.3426993787288666]
[0.0714871808886528]
[0.05783724784851074]
[0.9776104092597961]
[0.9499885439872742]
[0.06540048867464066]
[0.9409866333007812]
[0.978160560131073]
[0.9783608913421631]
[0.11564399302005768]
[0.9759854674339294]
[0.9800527691841125]
[0.9803898930549622]
[0.9801718592643738]
[0.9795271754264832]
[0.9801853895187378]
[0.9791203737258911]
[0.9794162511825562]
[0.979812502861023]
[0.9799752831459045]
[0.9805533289909363]
[0.7019662857055664]
[0.9510874152183533]
[0.14049184322357178]
[0.0424090214073658]
[0.9767608642578125]
[0.9789103865623474]
[0.9786645770072937]
[0.9787663221359253]
[0.9800175428390503]
[0.9798306226730347]
[0.9785168766975403]
[0.9509261250495911]
[0.9609968662261963]
[0.3492543697357178]
[0.08309397846460342]
[0.05064066872000694]
[0.9720811247825623]
[0.7756975889205933]
[0.5374540090560913]
[0.43517422676086426]
[0.06760594248771667]
[0.8670138716697693]
[0.9329125881195068]
[0.9233712553977966]
[0.72313392162323]
[0.9279380440711975]
[0.5376898646354675]
[0.7325615882873535]
[0.7756327390670776]
[0.0966295376420021]
[0.03678033873438835]
[0.036473486572504044]
[0.043688781559467316]
[0.15117529034614563]
[0.04339988902211189]
[0.8374049663543701]
[0.04103625938296318]
[0.040300894528627396]
[0.2768777906894684]
[0.04235430061817169]
[0.04039305821061134]
[0.03984254598617554]
[0.042349498718976974]
[0.03797480836510658]
[0.039772916585206985]
[0.06253226101398468]
[0.06185900792479515]
[0.036547280848026276]
[0.03958691284060478]
[0.9310874342918396]
[0.047109730541706085]
[0.048628367483615875]
[0.03744449466466904]
[0.04083377867937088]
[0.04169616848230362]
[0.04116801917552948]
[0.042571987956762314]
[0.35204076766967773]
[0.042727530002593994]
[0.03256089985370636]
[0.060602542012929916]
[0.03097217157483101]
[0.04097995534539223]
[0.03365055099129677]
[0.9795247912406921]
[0.9804074168205261]
[0.980162501335144]
[0.9811630845069885]
[0.9799496531486511]
[0.9795491099357605]
[0.9803881645202637]
[0.9798760414123535]
[0.9794607162475586]
[0.970908522605896]
[0.9773120880126953]
[0.9621436595916748]
[0.955032467842102]
[0.9198932647705078]
[0.9549692273139954]
[0.9442033171653748]
[0.978033721446991]
[0.9727581143379211]
[0.9791187644004822]
[0.9671533107757568]
[0.9684196710586548]
[0.9742646813392639]
[0.9753674864768982]
[0.9768152236938477]
[0.20380811393260956]
[0.06282494962215424]
[0.06673159450292587]
[0.9429288506507874]
[0.7212324142456055]
[0.3622584640979767]
[0.9623144865036011]
[0.8437053561210632]
[0.059585075825452805]
[0.05831633508205414]
[0.057022497057914734]
[0.7862145304679871]
[0.9757936000823975]
[0.9780963063240051]
[0.9769254922866821]
[0.9794431328773499]
[0.9696232080459595]
[0.9771626591682434]
[0.9715014696121216]
[0.9775821566581726]
[0.03289813920855522]
[0.9552988409996033]
[0.9653131365776062]
[0.3712165057659149]
[0.7657380104064941]
[0.9151116609573364]
[0.9606911540031433]
[0.9670013189315796]
[0.9665619134902954]
[0.9678772687911987]
[0.9683288931846619]
[0.9209911227226257]
[0.1429457813501358]
[0.9113195538520813]
[0.9007169008255005]
[0.021723242476582527]
[0.0203403290361166]
[0.8822792768478394]
[0.8917583227157593]
[0.9499123692512512]
[0.2941671907901764]
[0.4439868628978729]
[0.43878525495529175]
[0.9519118666648865]
[0.9710937738418579]
[0.9730311036109924]
[0.9745005369186401]
[0.9739988446235657]
[0.9730702638626099]
[0.9746108055114746]
[0.9670085906982422]
[0.9689505696296692]
[0.9717764854431152]
[0.9739078283309937]
[0.9698613286018372]
[0.9674133062362671]
[0.9764907360076904]
[0.9659591913223267]
[0.967466413974762]
[0.9700936079025269]
[0.9488276243209839]
[0.9703277945518494]
[0.9710325002670288]
[0.9525362849235535]
[0.9315119385719299]
[0.911736249923706]
[0.9361073970794678]
[0.9649280905723572]
[0.4003698229789734]
[0.6112388968467712]
[0.9447990655899048]
[0.9611518979072571]
[0.8236020803451538]
[0.8962743282318115]
[0.9610919952392578]
[0.9728348255157471]
[0.9772317409515381]
[0.9233729839324951]
[0.9767990708351135]
[0.9759065508842468]
[0.965269923210144]
[0.9678182005882263]
[0.9759495854377747]
[0.9779576659202576]
[0.96977299451828]
[0.9654661417007446]
[0.9785747528076172]
[0.9771565794944763]
[0.9751089811325073]
[0.9689240455627441]
[0.9780533313751221]
[0.9739726185798645]
[0.9628452062606812]
[0.9586403369903564]
[0.9779824018478394]
[0.976836621761322]
[0.9724757671356201]
[0.9587481021881104]
[0.9769619703292847]
[0.9780051112174988]
[0.9755337834358215]
[0.9740175008773804]
[0.9138842225074768]
[0.9609858393669128]
[0.9729058146476746]
[0.9743936061859131]
[0.9680279493331909]
[0.9764299392700195]
[0.9765344858169556]
[0.9772815108299255]
[0.9756975173950195]
[0.9745001196861267]
[0.9769392609596252]
[0.9650617241859436]
[0.9725596308708191]
[0.9547070264816284]
[0.9694823622703552]
[0.9109017252922058]
[0.9649439454078674]
[0.9748073220252991]
[0.9751630425453186]
[0.9614239931106567]
[0.9691231846809387]
[0.03751097619533539]
[0.8812093138694763]
[0.7247056365013123]
[0.03558535873889923]
[0.03176657110452652]
[0.9241899847984314]
[0.9639424681663513]
[0.7034679651260376]
[0.973242998123169]
[0.07862303406000137]
[0.23946510255336761]
[0.9676917195320129]
[0.94426429271698]
[0.9703972935676575]
[0.05411674454808235]
[0.053499139845371246]
[0.41323769092559814]
[0.050409071147441864]
[0.9600871801376343]
[0.9083824157714844]
[0.7018140554428101]
[0.20254893600940704]
[0.9436945915222168]
[0.9742263555526733]
[0.7964531779289246]
[0.9145890474319458]
[0.18928727507591248]
[0.7673808336257935]
[0.6643397212028503]
[0.7321836948394775]
[0.3972688317298889]
[0.7846726179122925]
[0.8749805092811584]
[0.2982061803340912]
[0.8129878044128418]
[0.7913416624069214]
[0.9657074213027954]
[0.8342794179916382]
[0.9710355401039124]
[0.9379923343658447]
[0.9438944458961487]
[0.9344993233680725]
[0.9699451923370361]
[0.9740686416625977]
[0.9732913970947266]
[0.9667611718177795]
[0.9756906628608704]
[0.9735809564590454]
[0.9737222194671631]
[0.9749460220336914]
[0.9762703776359558]
[0.9659847617149353]
[0.9756170511245728]
[0.9764167070388794]
[0.9728510975837708]
[0.9762254953384399]
[0.9774831533432007]
[0.9776667952537537]
[0.9486321210861206]
[0.7210564613342285]
[0.3958740830421448]
[0.862735390663147]
[0.8156041502952576]
[0.4704350531101227]
[0.9467074275016785]
[0.6990702748298645]
[0.9404143691062927]
[0.4415513277053833]
[0.9097251296043396]
[0.4333811104297638]
[0.6359421610832214]
[0.12063349038362503]
[0.1381835788488388]
[0.24278302490711212]
[0.8728418350219727]
[0.8734002709388733]
[0.9643981456756592]
[0.3496192693710327]
[0.5220806002616882]
[0.052550021559000015]
[0.1651122272014618]
[0.05740126967430115]
[0.05846398323774338]
[0.053827956318855286]
[0.9290127754211426]
[0.35639140009880066]
[0.9498875737190247]
[0.9636948704719543]
[0.971428632736206]
[0.8381673097610474]
[0.9467052817344666]
[0.9661240577697754]
[0.9599694013595581]
[0.9588075280189514]
[0.0926649421453476]
[0.9549598693847656]
[0.05554938688874245]
[0.05090850964188576]
[0.0981510728597641]
[0.09521258622407913]
[0.9719821214675903]
[0.9691057205200195]
[0.9753813147544861]
[0.9693374037742615]
[0.9707629084587097]
[0.9710372090339661]
[0.9534184336662292]
[0.20392650365829468]
[0.9690629243850708]
[0.967776894569397]
[0.9263915419578552]
[0.9098135232925415]
[0.501059353351593]
[0.9249398708343506]
[0.8648464679718018]
[0.11427956074476242]
[0.9508377313613892]
[0.7951420545578003]
[0.06087906286120415]
[0.9572371244430542]
[0.17820686101913452]
[0.04855931177735329]
[0.12736785411834717]
[0.8334905505180359]
[0.17840540409088135]
[0.10789963603019714]
[0.9125175476074219]
[0.04590051993727684]
[0.09369155019521713]
[0.09200996905565262]
[0.04886442795395851]
[0.04362954944372177]
[0.871324896812439]
[0.12261562794446945]
[0.29062628746032715]
[0.13343912363052368]
[0.18070735037326813]
[0.1408742368221283]
[0.9006543159484863]
[0.04933617264032364]
[0.7247908711433411]
[0.7884898781776428]
[0.05024280026555061]
[0.1496426910161972]
[0.956964373588562]
[0.9654452800750732]
[0.1649332046508789]
[0.25612691044807434]
[0.9744207262992859]
[0.9651266932487488]
[0.9678075313568115]
[0.08941225707530975]
[0.09501965343952179]
[0.48894429206848145]
[0.9525571465492249]
[0.9572369456291199]
[0.7200846672058105]
[0.7448680400848389]
[0.8729757070541382]
[0.12420623749494553]
[0.10775603353977203]
[0.37736016511917114]
[0.3720633089542389]
[0.932993471622467]
[0.9398745894432068]
[0.3294254243373871]
[0.9133694767951965]
[0.9658859968185425]
[0.9238357543945312]
[0.9464978575706482]
[0.9772077202796936]
[0.9733719229698181]
[0.9589793086051941]
[0.9577234983444214]
[0.8894399404525757]
[0.1308799684047699]
[0.8750380277633667]
[0.9597804546356201]
[0.9703481197357178]
[0.5039488077163696]
[0.08450697362422943]
[0.04811082035303116]
[0.06094419211149216]
[0.8667541742324829]
[0.9599125981330872]
[0.03257589414715767]
[0.02838754840195179]
[0.10305961221456528]
[0.03636700287461281]
[0.03221970796585083]
[0.4853077232837677]
[0.17779560387134552]
[0.5848362445831299]
[0.030128374695777893]
[0.042420484125614166]
[0.5169010162353516]
[0.9226697683334351]
[0.9487665891647339]
[0.9632899165153503]
[0.3031453788280487]
[0.03682844340801239]
[0.02643742598593235]
[0.9718705415725708]
[0.9692357182502747]
[0.9665395021438599]
[0.9150638580322266]
[0.9693143367767334]
[0.9597288370132446]
[0.9533284902572632]
[0.07768772542476654]
