[0.04329424351453781]
[0.9329550266265869]
[0.9411846995353699]
[0.9242619872093201]
[0.9744877815246582]
[0.9556098580360413]
[0.9801722168922424]
[0.9802762269973755]
[0.9607284069061279]
[0.9794090390205383]
[0.979971170425415]
[0.9816593527793884]
[0.9812129139900208]
[0.981631338596344]
[0.9770903587341309]
[0.9469486474990845]
[0.9685558676719666]
[0.9789150357246399]
[0.9702178239822388]
[0.04036753252148628]
[0.036324821412563324]
[0.03293334320187569]
[0.971971869468689]
[0.9764076471328735]
[0.9622225165367126]
[0.9788962006568909]
[0.9785290956497192]
[0.9808374047279358]
[0.9682327508926392]
[0.9768127202987671]
[0.9797291159629822]
[0.980352520942688]
[0.9717435240745544]
[0.9793822765350342]
[0.9804147481918335]
[0.9803560972213745]
[0.9801422357559204]
[0.9747442603111267]
[0.9775601625442505]
[0.9777625203132629]
[0.9802589416503906]
[0.9778311252593994]
[0.9775621294975281]
[0.9804521203041077]
[0.9798203110694885]
[0.9810076355934143]
[0.9773944616317749]
[0.9781898856163025]
[0.042181987315416336]
[0.04432409629225731]
[0.049038998782634735]
[0.9768888354301453]
[0.9395546317100525]
[0.8942124843597412]
[0.05495011433959007]
[0.03419441729784012]
[0.03879249468445778]
[0.06556836515665054]
[0.047613728791475296]
[0.03919705003499985]
[0.03926168009638786]
[0.19252733886241913]
[0.22868163883686066]
[0.038458988070487976]
[0.037609171122312546]
[0.13995422422885895]
[0.9767976999282837]
[0.9800246357917786]
[0.04241548851132393]
[0.9769390225410461]
[0.16275089979171753]
[0.1898331195116043]
[0.9774083495140076]
[0.9767982959747314]
[0.04094306007027626]
[0.08656138181686401]
[0.9738256335258484]
[0.982111394405365]
[0.9814921021461487]
[0.9701574444770813]
[0.9823290705680847]
[0.9811067581176758]
[0.9815992712974548]
[0.9816833734512329]
[0.9800481200218201]
[0.981584906578064]
[0.9829088449478149]
[0.9815762042999268]
[0.9821934700012207]
[0.9822231531143188]
[0.9819867610931396]
[0.0980929434299469]
[0.6885694861412048]
[0.04130615293979645]
[0.044321101158857346]
[0.9632537364959717]
[0.9733731746673584]
[0.9820418953895569]
[0.9807168841362]
[0.9819513559341431]
[0.9820429682731628]
[0.9824239015579224]
[0.9665492177009583]
[0.9761942625045776]
[0.26509642601013184]
[0.0357447974383831]
[0.041121140122413635]
[0.8776735663414001]
[0.7686746120452881]
[0.9467202425003052]
[0.8502621054649353]
[0.03803153336048126]
[0.967369556427002]
[0.9711030721664429]
[0.9712627530097961]
[0.49698370695114136]
[0.9715742468833923]
[0.6805578470230103]
[0.7743057012557983]
[0.6546947956085205]
[0.04072455316781998]
[0.03772243857383728]
[0.03944752365350723]
[0.03810165449976921]
[0.04666982963681221]
[0.0372871570289135]
[0.9179263710975647]
[0.03836126998066902]
[0.03845830634236336]
[0.04951901733875275]
[0.03961195424199104]
[0.04524608701467514]
[0.04411919042468071]
[0.041272543370723724]
[0.03984101861715317]
[0.037812620401382446]
[0.033658500760793686]
[0.03715117648243904]
[0.03814694285392761]
[0.03950341418385506]
[0.7681238651275635]
[0.039662860333919525]
[0.04026052728295326]
[0.04046029970049858]
[0.03837888315320015]
[0.039079222828149796]
[0.03809875249862671]
[0.034252990037202835]
[0.035706598311662674]
[0.04250810295343399]
[0.03727011755108833]
[0.08212072402238846]
[0.03621567785739899]
[0.04177084565162659]
[0.03951586037874222]
[0.9817788600921631]
[0.9814789295196533]
[0.9822281002998352]
[0.9813064336776733]
[0.9805386066436768]
[0.9832842946052551]
[0.9807921051979065]
[0.9797455668449402]
[0.9812223315238953]
[0.9787139296531677]
[0.9814126491546631]
[0.6153245568275452]
[0.707582950592041]
[0.62213534116745]
[0.7231412529945374]
[0.8306947350502014]
[0.9794307351112366]
[0.1318684071302414]
[0.9781531095504761]
[0.9777170419692993]
[0.9651010632514954]
[0.9753277897834778]
[0.981076717376709]
[0.978093147277832]
[0.05924203619360924]
[0.0496588870882988]
[0.0563633069396019]
[0.9757485389709473]
[0.9592183232307434]
[0.054782405495643616]
[0.9801427721977234]
[0.8746955990791321]
[0.04238514602184296]
[0.05635717138648033]
[0.056620169430971146]
[0.9150517582893372]
[0.9820146560668945]
[0.9807993173599243]
[0.9818962812423706]
[0.9819769859313965]
[0.9788305163383484]
[0.9815564155578613]
[0.9774591326713562]
[0.8067878484725952]
[0.04597540944814682]
[0.974403440952301]
[0.9788705110549927]
[0.29396137595176697]
[0.12653610110282898]
[0.9680702090263367]
[0.9779950976371765]
[0.9778227210044861]
[0.9785894751548767]
[0.9793617129325867]
[0.9774846434593201]
[0.9497535228729248]
[0.967007577419281]
[0.9718763828277588]
[0.9766814708709717]
[0.036060433834791183]
[0.03578153997659683]
[0.884476363658905]
[0.888234555721283]
[0.964770495891571]
[0.05068161338567734]
[0.2603195011615753]
[0.9468182325363159]
[0.9747959971427917]
[0.9770952463150024]
[0.978029727935791]
[0.9793924689292908]
[0.9794896841049194]
[0.9776354432106018]
[0.979604959487915]
[0.9776752591133118]
[0.9785127639770508]
[0.9506549835205078]
[0.9784917831420898]
[0.9787634015083313]
[0.9655651450157166]
[0.9779546856880188]
[0.8533362746238708]
[0.3949388265609741]
[0.9759926199913025]
[0.04508209973573685]
[0.23174098134040833]
[0.8626267910003662]
[0.966763973236084]
[0.0492517314851284]
[0.8783498406410217]
[0.8474260568618774]
[0.9411692023277283]
[0.7946348190307617]
[0.44205984473228455]
[0.1150483787059784]
[0.9631460309028625]
[0.9761072397232056]
[0.06381776183843613]
[0.9770937561988831]
[0.9816027283668518]
[0.980164647102356]
[0.9612491726875305]
[0.9818339943885803]
[0.9797475337982178]
[0.9783387184143066]
[0.9779350161552429]
[0.9620992541313171]
[0.9821666479110718]
[0.9797453284263611]
[0.977390468120575]
[0.9813413619995117]
[0.9803897738456726]
[0.9772018790245056]
[0.9777380228042603]
[0.9811776876449585]
[0.9782766699790955]
[0.9695677161216736]
[0.9569156765937805]
[0.9822116494178772]
[0.9814048409461975]
[0.9794292449951172]
[0.9800233840942383]
[0.9816362857818604]
[0.9811421036720276]
[0.9821031093597412]
[0.9801714420318604]
[0.9731455445289612]
[0.9609711170196533]
[0.97925865650177]
[0.9794014692306519]
[0.975806474685669]
[0.9810226559638977]
[0.9780066013336182]
[0.9800267815589905]
[0.9800599813461304]
[0.9785870909690857]
[0.9818929433822632]
[0.9785813689231873]
[0.9779536724090576]
[0.9775930643081665]
[0.9807125329971313]
[0.8856112360954285]
[0.9682008028030396]
[0.9761829972267151]
[0.9745761752128601]
[0.9088805913925171]
[0.9803577065467834]
[0.08945087343454361]
[0.9558262228965759]
[0.9620764255523682]
[0.0493236742913723]
[0.05272385850548744]
[0.9734390377998352]
[0.962589681148529]
[0.9189127087593079]
[0.9823906421661377]
[0.7728397250175476]
[0.9711828231811523]
[0.9794776439666748]
[0.9736583232879639]
[0.9389454126358032]
[0.05600777640938759]
[0.05196097120642662]
[0.14926065504550934]
[0.12381914258003235]
[0.9683809876441956]
[0.9236953854560852]
[0.5615182518959045]
[0.7666028141975403]
[0.9720373153686523]
[0.9818620085716248]
[0.9622631669044495]
[0.9637693762779236]
[0.7938134670257568]
[0.8837335109710693]
[0.9497126936912537]
[0.9503340125083923]
[0.0967370793223381]
[0.04005172476172447]
[0.09971413761377335]
[0.04183207452297211]
[0.5904640555381775]
[0.9147222638130188]
[0.9811363816261292]
[0.5363962054252625]
[0.977897584438324]
[0.9438052177429199]
[0.9792801737785339]
[0.9777519106864929]
[0.9781990051269531]
[0.9800890684127808]
[0.9784862995147705]
[0.9768041968345642]
[0.9790807366371155]
[0.9779232740402222]
[0.9773811101913452]
[0.9802157282829285]
[0.9802772402763367]
[0.9786058068275452]
[0.9790273904800415]
[0.9781402349472046]
[0.9776710271835327]
[0.9800651669502258]
[0.978816568851471]
[0.9792805314064026]
[0.05415567383170128]
[0.9775195121765137]
[0.32577964663505554]
[0.9156740307807922]
[0.9426977038383484]
[0.2178848832845688]
[0.9705120325088501]
[0.8949037790298462]
[0.9436630606651306]
[0.236699640750885]
[0.8198185563087463]
[0.17265541851520538]
[0.045520491898059845]
[0.03879908099770546]
[0.03877246752381325]
[0.039017386734485626]
[0.9615533947944641]
[0.8328834176063538]
[0.9562954306602478]
[0.04640217125415802]
[0.1574610322713852]
[0.046191588044166565]
[0.047172728925943375]
[0.04080905765295029]
[0.040095046162605286]
[0.03713640570640564]
[0.8267106413841248]
[0.07615578919649124]
[0.45762595534324646]
[0.9787993431091309]
[0.9718599319458008]
[0.05502299591898918]
[0.04050426185131073]
[0.9733744263648987]
[0.9778231382369995]
[0.9766823053359985]
[0.05371992662549019]
[0.9586656093597412]
[0.04550779610872269]
[0.04253314062952995]
[0.042393315583467484]
[0.04238718003034592]
[0.9818112254142761]
[0.9783243536949158]
[0.9778817296028137]
[0.9602230191230774]
[0.9692850708961487]
[0.975992739200592]
[0.9539006352424622]
[0.07463398575782776]
[0.9636008739471436]
[0.9722561836242676]
[0.7055888772010803]
[0.9371041655540466]
[0.3564484417438507]
[0.16419166326522827]
[0.5943288207054138]
[0.038642190396785736]
[0.9334532022476196]
[0.19611874222755432]
[0.04324302077293396]
[0.9551065564155579]
[0.03898082301020622]
[0.042752258479595184]
[0.11828922480344772]
[0.23509900271892548]
[0.06287727504968643]
[0.039336908608675]
[0.9379522800445557]
[0.052014291286468506]
[0.03959956765174866]
[0.039239708334207535]
[0.041676200926303864]
[0.0394052118062973]
[0.4181399345397949]
[0.0364859364926815]
[0.40248674154281616]
[0.05209067836403847]
[0.1636611968278885]
[0.050875548273324966]
[0.08351578563451767]
[0.0408739298582077]
[0.09848793596029282]
[0.04399273172020912]
[0.04237479344010353]
[0.04212087020277977]
[0.9403910636901855]
[0.9723988771438599]
[0.04481344670057297]
[0.04460446164011955]
[0.9801156520843506]
[0.9780470728874207]
[0.9755304455757141]
[0.05579982325434685]
[0.044558215886354446]
[0.04144347831606865]
[0.9627026915550232]
[0.9778458476066589]
[0.7086389064788818]
[0.07768178731203079]
[0.9489349722862244]
[0.04820236936211586]
[0.042412783950567245]
[0.058382853865623474]
[0.8793264627456665]
[0.9634766578674316]
[0.9672273397445679]
[0.07346831262111664]
[0.9461910128593445]
[0.9585506916046143]
[0.9643583297729492]
[0.939895749092102]
[0.9783429503440857]
[0.9785149693489075]
[0.24522346258163452]
[0.9761965274810791]
[0.9733884334564209]
[0.06910593807697296]
[0.09862001240253448]
[0.9702597856521606]
[0.9766747951507568]
[0.7990411520004272]
[0.05766741931438446]
[0.040605392307043076]
[0.04254698380827904]
[0.6649978160858154]
[0.9759579300880432]
[0.03860912472009659]
[0.038078345358371735]
[0.05191442742943764]
[0.038992758840322495]
[0.03848692774772644]
[0.9622085094451904]
[0.6058112382888794]
[0.9364306926727295]
[0.03816556558012962]
[0.649195671081543]
[0.9540638327598572]
[0.9693335890769958]
[0.9730092883110046]
[0.9733985066413879]
[0.7594838738441467]
[0.036397241055965424]
[0.034471143037080765]
[0.978507399559021]
[0.9792588949203491]
[0.9780780673027039]
[0.9486300945281982]
[0.978141725063324]
[0.9747528433799744]
[0.9593095183372498]
[0.045900821685791016]
