[0.045185647904872894]
[0.962874174118042]
[0.9491149187088013]
[0.9571620225906372]
[0.9644231200218201]
[0.5777040719985962]
[0.9679214954376221]
[0.9648391604423523]
[0.9589500427246094]
[0.9653641581535339]
[0.9566994905471802]
[0.9697667956352234]
[0.9700063467025757]
[0.9695523977279663]
[0.9676345586776733]
[0.7851269245147705]
[0.0721486508846283]
[0.9680136442184448]
[0.3759283423423767]
[0.037772003561258316]
[0.03689217194914818]
[0.2521763741970062]
[0.9620963931083679]
[0.965890109539032]
[0.3643360435962677]
[0.9667415618896484]
[0.965723991394043]
[0.9685752987861633]
[0.9542020559310913]
[0.9613193273544312]
[0.9658542275428772]
[0.9660359621047974]
[0.9168405532836914]
[0.9663553237915039]
[0.9677369594573975]
[0.9615136981010437]
[0.9669943451881409]
[0.9620110988616943]
[0.9541036486625671]
[0.9636805653572083]
[0.9637803435325623]
[0.9565625786781311]
[0.9511672854423523]
[0.9693565368652344]
[0.9614604711532593]
[0.9641393423080444]
[0.9583448171615601]
[0.9115627408027649]
[0.06876929849386215]
[0.2251308560371399]
[0.1891808658838272]
[0.9669376015663147]
[0.9641199111938477]
[0.9379392862319946]
[0.18973064422607422]
[0.10710156708955765]
[0.16686907410621643]
[0.3130485415458679]
[0.3993745446205139]
[0.08472804725170135]
[0.051836561411619186]
[0.5759857296943665]
[0.33726611733436584]
[0.03625975921750069]
[0.6560884118080139]
[0.11224938184022903]
[0.9594469666481018]
[0.968329668045044]
[0.17066387832164764]
[0.9605981707572937]
[0.4567820727825165]
[0.2652827501296997]
[0.9394837617874146]
[0.9673402309417725]
[0.9612612724304199]
[0.18630802631378174]
[0.9605311751365662]
[0.9702816605567932]
[0.9693705439567566]
[0.9473511576652527]
[0.9684866070747375]
[0.9707456231117249]
[0.9695891737937927]
[0.9703830480575562]
[0.9703834652900696]
[0.9704403877258301]
[0.9688451290130615]
[0.9686533808708191]
[0.9703023433685303]
[0.9705543518066406]
[0.9693337082862854]
[0.957086443901062]
[0.9640690684318542]
[0.1068107858300209]
[0.049245160073041916]
[0.9627001285552979]
[0.9656702876091003]
[0.9698926210403442]
[0.9697871208190918]
[0.9707126021385193]
[0.9694404602050781]
[0.9665315747261047]
[0.9504569172859192]
[0.9656106233596802]
[0.08005029708147049]
[0.27478256821632385]
[0.05937115103006363]
[0.9652957320213318]
[0.9583255648612976]
[0.8938584923744202]
[0.8668042421340942]
[0.04844772815704346]
[0.9451932311058044]
[0.9523884654045105]
[0.9347471594810486]
[0.7120444774627686]
[0.9207959175109863]
[0.25373658537864685]
[0.28320950269699097]
[0.24113285541534424]
[0.0396394208073616]
[0.09278438240289688]
[0.07831883430480957]
[0.04441776126623154]
[0.0948810875415802]
[0.21081896126270294]
[0.8104658722877502]
[0.03830400109291077]
[0.09347169101238251]
[0.14003601670265198]
[0.04614881053566933]
[0.04583178088068962]
[0.035240110009908676]
[0.060736313462257385]
[0.04559842497110367]
[0.0933227464556694]
[0.10132914036512375]
[0.16612695157527924]
[0.13180872797966003]
[0.05416285619139671]
[0.15666891634464264]
[0.11718802899122238]
[0.11695568263530731]
[0.04702123999595642]
[0.09942721575498581]
[0.07154851406812668]
[0.07109193503856659]
[0.11849908530712128]
[0.12780560553073883]
[0.03527868911623955]
[0.03373411297798157]
[0.0770239308476448]
[0.17579559981822968]
[0.03430355712771416]
[0.038378845900297165]
[0.9680463075637817]
[0.9674199819564819]
[0.966468334197998]
[0.9694339632987976]
[0.9651548862457275]
[0.9661691188812256]
[0.9684820771217346]
[0.9660883545875549]
[0.9638249278068542]
[0.9629642367362976]
[0.9627834558486938]
[0.9567567706108093]
[0.9155493378639221]
[0.9460127353668213]
[0.9472072720527649]
[0.9571158289909363]
[0.961812436580658]
[0.5736484527587891]
[0.9630107879638672]
[0.9653383493423462]
[0.9574844241142273]
[0.95969557762146]
[0.963701605796814]
[0.9645935297012329]
[0.05569285899400711]
[0.2900291085243225]
[0.13747535645961761]
[0.9632149338722229]
[0.911226212978363]
[0.24250368773937225]
[0.9460870027542114]
[0.9510853290557861]
[0.2461801916360855]
[0.05479254573583603]
[0.03656454384326935]
[0.9398191571235657]
[0.9671443700790405]
[0.9688858389854431]
[0.9682210087776184]
[0.9694655537605286]
[0.9619165658950806]
[0.9675328135490417]
[0.9677597284317017]
[0.9536600112915039]
[0.035050541162490845]
[0.9552782773971558]
[0.9620157480239868]
[0.13013219833374023]
[0.8564288020133972]
[0.9492958188056946]
[0.9624234437942505]
[0.9668916463851929]
[0.9670202732086182]
[0.966362714767456]
[0.9653129577636719]
[0.9311172962188721]
[0.955394446849823]
[0.9399450421333313]
[0.9571421146392822]
[0.06917987018823624]
[0.09816741198301315]
[0.4023587107658386]
[0.3617776334285736]
[0.6418236494064331]
[0.11533581465482712]
[0.14427419006824493]
[0.2968640625476837]
[0.9602695107460022]
[0.9621201157569885]
[0.9665838479995728]
[0.968985378742218]
[0.968349039554596]
[0.9674670696258545]
[0.9678240418434143]
[0.961036205291748]
[0.955860435962677]
[0.964023768901825]
[0.9670155048370361]
[0.9693300127983093]
[0.9642013907432556]
[0.9585986733436584]
[0.9615187644958496]
[0.9583984017372131]
[0.9583552479743958]
[0.8000395894050598]
[0.8881627321243286]
[0.8663055300712585]
[0.9565150141716003]
[0.16374796628952026]
[0.23689721524715424]
[0.9480812549591064]
[0.9218370914459229]
[0.7633238434791565]
[0.14459189772605896]
[0.2070511132478714]
[0.9657684564590454]
[0.9454315304756165]
[0.9114813208580017]
[0.960934042930603]
[0.9680258631706238]
[0.9675346612930298]
[0.9649786949157715]
[0.96781986951828]
[0.9673569798469543]
[0.9681934118270874]
[0.9692399501800537]
[0.9697912335395813]
[0.9678255915641785]
[0.969325065612793]
[0.9351094961166382]
[0.9694433808326721]
[0.9699706435203552]
[0.9678726196289062]
[0.9640951156616211]
[0.9703599810600281]
[0.968435525894165]
[0.9563307166099548]
[0.962889552116394]
[0.9666911959648132]
[0.967122495174408]
[0.9683755040168762]
[0.962916374206543]
[0.9690982103347778]
[0.9677808284759521]
[0.9691058397293091]
[0.9679626226425171]
[0.9557779431343079]
[0.8994855880737305]
[0.9501110911369324]
[0.9702185988426208]
[0.9527258276939392]
[0.9678510427474976]
[0.9683149456977844]
[0.9673449993133545]
[0.9663347601890564]
[0.9693003296852112]
[0.9685938954353333]
[0.9651283621788025]
[0.9667924642562866]
[0.9691724181175232]
[0.9632471203804016]
[0.33788540959358215]
[0.9442918300628662]
[0.9565598368644714]
[0.9392738938331604]
[0.9353337287902832]
[0.9555792808532715]
[0.8249472975730896]
[0.937611997127533]
[0.9435432553291321]
[0.5086867809295654]
[0.4540741741657257]
[0.9039704203605652]
[0.9485825896263123]
[0.945580005645752]
[0.9624758958816528]
[0.7193483710289001]
[0.9423596858978271]
[0.9568284749984741]
[0.9507778882980347]
[0.9661254286766052]
[0.7860736846923828]
[0.6640374064445496]
[0.9459987282752991]
[0.8570816516876221]
[0.9655043482780457]
[0.9261619448661804]
[0.9325147271156311]
[0.7844821214675903]
[0.9641330242156982]
[0.9676786661148071]
[0.9328484535217285]
[0.9014702439308167]
[0.817130982875824]
[0.9617118835449219]
[0.9494706988334656]
[0.9553142786026001]
[0.6160218715667725]
[0.7655208706855774]
[0.6572631001472473]
[0.3737938106060028]
[0.9321904182434082]
[0.9639184474945068]
[0.9684186577796936]
[0.8165877461433411]
[0.9600502252578735]
[0.9374212622642517]
[0.9671900868415833]
[0.9654091596603394]
[0.9685759544372559]
[0.9698108434677124]
[0.9642982482910156]
[0.965005099773407]
[0.9697315096855164]
[0.9678745269775391]
[0.9688702821731567]
[0.9675055742263794]
[0.9699180722236633]
[0.9622536897659302]
[0.9694114327430725]
[0.965133011341095]
[0.9620270133018494]
[0.9688284397125244]
[0.967642068862915]
[0.969054639339447]
[0.6846020817756653]
[0.9663681387901306]
[0.5299078822135925]
[0.9612255692481995]
[0.9443671107292175]
[0.9101995229721069]
[0.9650928378105164]
[0.9537942409515381]
[0.9500117897987366]
[0.9191794395446777]
[0.9554844498634338]
[0.506985068321228]
[0.5079522728919983]
[0.08076092600822449]
[0.08280624449253082]
[0.1570201814174652]
[0.9508646726608276]
[0.7197981476783752]
[0.41441744565963745]
[0.21307764947414398]
[0.8308576345443726]
[0.03438752517104149]
[0.16491995751857758]
[0.056426528841257095]
[0.1972488909959793]
[0.20652268826961517]
[0.9473954439163208]
[0.9004771113395691]
[0.8417618274688721]
[0.9642420411109924]
[0.9461019039154053]
[0.19496853649616241]
[0.09073847532272339]
[0.9552151560783386]
[0.9701087474822998]
[0.9596883654594421]
[0.1705804467201233]
[0.18294407427310944]
[0.20292678475379944]
[0.25480860471725464]
[0.05382360517978668]
[0.05644676461815834]
[0.9704335331916809]
[0.9617623686790466]
[0.9636530876159668]
[0.9584581851959229]
[0.9606534838676453]
[0.9650408625602722]
[0.9560739398002625]
[0.8378782272338867]
[0.9527034163475037]
[0.9527639150619507]
[0.9507499933242798]
[0.9491106271743774]
[0.13670623302459717]
[0.25302720069885254]
[0.6510103344917297]
[0.19814801216125488]
[0.9582797288894653]
[0.9420714378356934]
[0.22911085188388824]
[0.9442539811134338]
[0.16432413458824158]
[0.04447276145219803]
[0.6144118309020996]
[0.9536205530166626]
[0.47935035824775696]
[0.07635413110256195]
[0.7905726432800293]
[0.3596300482749939]
[0.1698896437883377]
[0.24621690809726715]
[0.13460126519203186]
[0.23939824104309082]
[0.30688655376434326]
[0.33621641993522644]
[0.9440992474555969]
[0.9425351619720459]
[0.8674010038375854]
[0.9066896438598633]
[0.8449039459228516]
[0.09170997887849808]
[0.7659525275230408]
[0.542235791683197]
[0.18995264172554016]
[0.22547000646591187]
[0.9532858729362488]
[0.9608043432235718]
[0.33764493465423584]
[0.6013972163200378]
[0.965369701385498]
[0.9618788361549377]
[0.9602689743041992]
[0.06584472954273224]
[0.16232074797153473]
[0.17709514498710632]
[0.8711932301521301]
[0.9639617204666138]
[0.3840169608592987]
[0.1637212485074997]
[0.954124927520752]
[0.06342720240354538]
[0.06637556850910187]
[0.05474032089114189]
[0.07595193386077881]
[0.9648301601409912]
[0.9560569524765015]
[0.34817954897880554]
[0.9662609696388245]
[0.9635794758796692]
[0.9664819240570068]
[0.9592080116271973]
[0.965472936630249]
[0.9638317823410034]
[0.4047017991542816]
[0.9669542908668518]
[0.9643198847770691]
[0.24596573412418365]
[0.9663636088371277]
[0.9388313293457031]
[0.962993323802948]
[0.3821960687637329]
[0.04237152636051178]
[0.13676771521568298]
[0.2546464502811432]
[0.9165439605712891]
[0.9536058306694031]
[0.04578941687941551]
[0.038755349814891815]
[0.060984086245298386]
[0.03388926386833191]
[0.04265524446964264]
[0.91522616147995]
[0.21905165910720825]
[0.7972366213798523]
[0.4121505916118622]
[0.11801096051931381]
[0.804713249206543]
[0.9518170356750488]
[0.9528575539588928]
[0.9542904496192932]
[0.6468058824539185]
[0.0986800491809845]
[0.1764390468597412]
[0.9660632014274597]
[0.9661263823509216]
[0.9635576009750366]
[0.1342390924692154]
[0.9511563181877136]
[0.9552213549613953]
[0.9565622210502625]
[0.09006907790899277]
