[0.06078476086258888]
[0.9686284065246582]
[0.9035325646400452]
[0.891630232334137]
[0.9771906137466431]
[0.6576048731803894]
[0.9800818562507629]
[0.9812847375869751]
[0.9630433917045593]
[0.979079008102417]
[0.9783920049667358]
[0.9835736751556396]
[0.9823836088180542]
[0.9819102883338928]
[0.9793580174446106]
[0.7462287545204163]
[0.4910443127155304]
[0.9800231456756592]
[0.7130196690559387]
[0.03705637902021408]
[0.031779561191797256]
[0.07913881540298462]
[0.9648517370223999]
[0.975338339805603]
[0.8771533966064453]
[0.9814324975013733]
[0.9817951321601868]
[0.9814429879188538]
[0.9694262146949768]
[0.9733017086982727]
[0.981248140335083]
[0.977196455001831]
[0.9026346206665039]
[0.977411150932312]
[0.9820883870124817]
[0.9735844135284424]
[0.9810523986816406]
[0.9753822088241577]
[0.973115861415863]
[0.9793996810913086]
[0.9764772057533264]
[0.9772865772247314]
[0.9762974977493286]
[0.9818208813667297]
[0.978264331817627]
[0.9791004061698914]
[0.9796442985534668]
[0.9401754140853882]
[0.027733484283089638]
[0.0770890936255455]
[0.18662713468074799]
[0.9812054634094238]
[0.9785218834877014]
[0.9646220207214355]
[0.08184871822595596]
[0.09285985678434372]
[0.058182746171951294]
[0.18500639498233795]
[0.4867511987686157]
[0.032649293541908264]
[0.03183911740779877]
[0.5797435641288757]
[0.6460665464401245]
[0.03363840654492378]
[0.3076190650463104]
[0.18206444382667542]
[0.978196382522583]
[0.9789760708808899]
[0.2628815770149231]
[0.9712513089179993]
[0.42162030935287476]
[0.3329744040966034]
[0.9588260650634766]
[0.9805615544319153]
[0.9654173851013184]
[0.2622992694377899]
[0.9559595584869385]
[0.98177170753479]
[0.9794705510139465]
[0.9598686695098877]
[0.9783254861831665]
[0.9833020567893982]
[0.9826447367668152]
[0.9833230376243591]
[0.9827232360839844]
[0.983758807182312]
[0.9831251502037048]
[0.9831414222717285]
[0.9834131002426147]
[0.982699990272522]
[0.981758713722229]
[0.8464752435684204]
[0.9741461277008057]
[0.1824837028980255]
[0.04014217481017113]
[0.9790137410163879]
[0.9805760979652405]
[0.9825328588485718]
[0.9827579855918884]
[0.9836099147796631]
[0.9820021390914917]
[0.9756013751029968]
[0.9691824913024902]
[0.9781641960144043]
[0.12309115380048752]
[0.14718788862228394]
[0.04576672613620758]
[0.9735718965530396]
[0.971783459186554]
[0.9129689335823059]
[0.9215776324272156]
[0.03889656066894531]
[0.9536097049713135]
[0.9687170386314392]
[0.9740372896194458]
[0.6907033920288086]
[0.9431490302085876]
[0.6224902868270874]
[0.45649027824401855]
[0.2812005281448364]
[0.036938831210136414]
[0.033366087824106216]
[0.037698302417993546]
[0.033779121935367584]
[0.034182388335466385]
[0.039913076907396317]
[0.6013797521591187]
[0.02833370678126812]
[0.03405681252479553]
[0.16503937542438507]
[0.03236183524131775]
[0.032910991460084915]
[0.03145715594291687]
[0.030053703114390373]
[0.031777866184711456]
[0.02910778298974037]
[0.046129778027534485]
[0.04275846481323242]
[0.03143113851547241]
[0.04133976250886917]
[0.4105440378189087]
[0.03453044593334198]
[0.0316120870411396]
[0.027437372133135796]
[0.033861447125673294]
[0.03203992918133736]
[0.0275418721139431]
[0.03275779262185097]
[0.11614786833524704]
[0.03222842887043953]
[0.04132774844765663]
[0.23525384068489075]
[0.0829012542963028]
[0.03245493769645691]
[0.049255795776844025]
[0.9833099246025085]
[0.9830471873283386]
[0.9819942116737366]
[0.979413628578186]
[0.9831274747848511]
[0.9827278256416321]
[0.9823514819145203]
[0.9824628829956055]
[0.9826724529266357]
[0.9785143733024597]
[0.9517867565155029]
[0.9615920782089233]
[0.6579342484474182]
[0.9256724715232849]
[0.9584259986877441]
[0.9726859331130981]
[0.9776905179023743]
[0.12138889729976654]
[0.9672456383705139]
[0.9784386157989502]
[0.9704906940460205]
[0.9787166714668274]
[0.982247531414032]
[0.981519341468811]
[0.053011056035757065]
[0.07454081624746323]
[0.03912161663174629]
[0.9776163101196289]
[0.8355361819267273]
[0.066184401512146]
[0.9762518405914307]
[0.968254029750824]
[0.5035566091537476]
[0.036744266748428345]
[0.03770171105861664]
[0.7885991930961609]
[0.98260098695755]
[0.9839445948600769]
[0.9821062088012695]
[0.9831974506378174]
[0.978323221206665]
[0.9821957945823669]
[0.9819748997688293]
[0.9749428033828735]
[0.06516477465629578]
[0.9795549511909485]
[0.979056715965271]
[0.254851758480072]
[0.922977864742279]
[0.9680805802345276]
[0.982722282409668]
[0.9835346341133118]
[0.9826545119285583]
[0.982680082321167]
[0.9818140864372253]
[0.9618247151374817]
[0.18927884101867676]
[0.848784863948822]
[0.9138282537460327]
[0.09667060524225235]
[0.07840587943792343]
[0.24496422708034515]
[0.33972373604774475]
[0.9105370044708252]
[0.03895305469632149]
[0.545183539390564]
[0.40126749873161316]
[0.9717439413070679]
[0.8833478689193726]
[0.9763123989105225]
[0.979449987411499]
[0.9840394854545593]
[0.9796731472015381]
[0.9774721264839172]
[0.9813816547393799]
[0.9675980806350708]
[0.977185070514679]
[0.981560468673706]
[0.983329176902771]
[0.9771315455436707]
[0.9760916829109192]
[0.9712511897087097]
[0.96295166015625]
[0.9498475193977356]
[0.9523097276687622]
[0.9603508710861206]
[0.7094858884811401]
[0.8701809644699097]
[0.11481987684965134]
[0.08821306377649307]
[0.9428603649139404]
[0.7212530374526978]
[0.12220202386379242]
[0.24205243587493896]
[0.667335569858551]
[0.9766569137573242]
[0.9633018970489502]
[0.8959786295890808]
[0.978712797164917]
[0.9820632934570312]
[0.9820714592933655]
[0.9705699682235718]
[0.9821991324424744]
[0.9792903661727905]
[0.9795763492584229]
[0.9804362654685974]
[0.9804892539978027]
[0.9833418130874634]
[0.9797030091285706]
[0.9689385890960693]
[0.9828206300735474]
[0.9813498258590698]
[0.9772282242774963]
[0.9764603972434998]
[0.9816869497299194]
[0.9782688021659851]
[0.9768051505088806]
[0.9660907983779907]
[0.9835879802703857]
[0.9787321090698242]
[0.9752146005630493]
[0.9783617854118347]
[0.9809268712997437]
[0.9785287380218506]
[0.9802809357643127]
[0.9806135892868042]
[0.9621548056602478]
[0.806296169757843]
[0.9749289155006409]
[0.982384979724884]
[0.9770640730857849]
[0.9804626703262329]
[0.978335976600647]
[0.9819229245185852]
[0.9789865612983704]
[0.9798871278762817]
[0.9808765053749084]
[0.9736053347587585]
[0.9795736074447632]
[0.9811795353889465]
[0.9824727773666382]
[0.538887083530426]
[0.9629638195037842]
[0.9765661954879761]
[0.9517139196395874]
[0.9703811407089233]
[0.9633660316467285]
[0.9326843619346619]
[0.9697054624557495]
[0.9759328365325928]
[0.6242095828056335]
[0.41895464062690735]
[0.790370523929596]
[0.9531481266021729]
[0.9400355815887451]
[0.9795100092887878]
[0.8827913999557495]
[0.9338945746421814]
[0.9753835797309875]
[0.9593604207038879]
[0.9742172956466675]
[0.7825567126274109]
[0.5618939995765686]
[0.7255201935768127]
[0.9010800123214722]
[0.9739521741867065]
[0.9540019631385803]
[0.9368476867675781]
[0.6095240712165833]
[0.9784895181655884]
[0.9810808300971985]
[0.9236910343170166]
[0.9715752601623535]
[0.6821223497390747]
[0.9325913786888123]
[0.9584924578666687]
[0.954621434211731]
[0.6365057826042175]
[0.7194695472717285]
[0.7096397876739502]
[0.25714728236198425]
[0.7653024792671204]
[0.9171414971351624]
[0.9804681539535522]
[0.746721625328064]
[0.9600743055343628]
[0.9443731307983398]
[0.9765179753303528]
[0.9767743945121765]
[0.9800195693969727]
[0.9808706641197205]
[0.966978132724762]
[0.9729257822036743]
[0.9797805547714233]
[0.9766185283660889]
[0.9782711863517761]
[0.9778305888175964]
[0.9808862805366516]
[0.975359320640564]
[0.9815002679824829]
[0.9706393480300903]
[0.945655882358551]
[0.9804775714874268]
[0.9788828492164612]
[0.9811790585517883]
[0.5084060430526733]
[0.9462031126022339]
[0.2919498085975647]
[0.9454503059387207]
[0.9294988512992859]
[0.6850104331970215]
[0.97358238697052]
[0.922815203666687]
[0.9014111757278442]
[0.6252844333648682]
[0.9177607893943787]
[0.5120002031326294]
[0.2513837516307831]
[0.039274390786886215]
[0.040561433881521225]
[0.08208084851503372]
[0.816649854183197]
[0.44117245078086853]
[0.41662049293518066]
[0.09132269769906998]
[0.31939461827278137]
[0.03545388579368591]
[0.17303743958473206]
[0.03326025977730751]
[0.121392160654068]
[0.25866541266441345]
[0.8434935808181763]
[0.6369485259056091]
[0.42092424631118774]
[0.9738344550132751]
[0.8239789009094238]
[0.07034911960363388]
[0.04143780097365379]
[0.9630947113037109]
[0.980219304561615]
[0.8821887969970703]
[0.04405059292912483]
[0.09433619678020477]
[0.0611693412065506]
[0.07135181874036789]
[0.05068809911608696]
[0.05335250124335289]
[0.9812453985214233]
[0.9649959802627563]
[0.9450929164886475]
[0.9032505750656128]
[0.9406620860099792]
[0.9685578942298889]
[0.9099224805831909]
[0.7203278541564941]
[0.9180598258972168]
[0.9421851634979248]
[0.9235745668411255]
[0.9613838791847229]
[0.07133760303258896]
[0.23644790053367615]
[0.37463435530662537]
[0.16793322563171387]
[0.8140310049057007]
[0.887264609336853]
[0.14791826903820038]
[0.7627300024032593]
[0.05090278387069702]
[0.036625560373067856]
[0.17714054882526398]
[0.876827597618103]
[0.5783143639564514]
[0.03928358480334282]
[0.6801838278770447]
[0.17035137116909027]
[0.19627578556537628]
[0.060143958777189255]
[0.07269388437271118]
[0.0951111912727356]
[0.36422938108444214]
[0.24972715973854065]
[0.6796072125434875]
[0.6219392418861389]
[0.3600439429283142]
[0.675365686416626]
[0.5601885318756104]
[0.046682849526405334]
[0.41503286361694336]
[0.18417759239673615]
[0.07864715158939362]
[0.1220092698931694]
[0.8759547472000122]
[0.9522930979728699]
[0.11066287755966187]
[0.2723037302494049]
[0.9748036861419678]
[0.9742357134819031]
[0.9675161838531494]
[0.05522867292165756]
[0.04434768110513687]
[0.18589027225971222]
[0.8005086779594421]
[0.976195752620697]
[0.4827898144721985]
[0.0756184458732605]
[0.9287214875221252]
[0.05890094116330147]
[0.057599399238824844]
[0.16871052980422974]
[0.5011281371116638]
[0.9335211515426636]
[0.9198764562606812]
[0.7464882731437683]
[0.976527214050293]
[0.9304450750350952]
[0.9698208570480347]
[0.9138579964637756]
[0.9559873342514038]
[0.946963369846344]
[0.7548608183860779]
[0.9803224205970764]
[0.9775632619857788]
[0.47402966022491455]
[0.9777936339378357]
[0.9100052714347839]
[0.9711548089981079]
[0.26432815194129944]
[0.03128626197576523]
[0.03719455003738403]
[0.058054644614458084]
[0.7658182978630066]
[0.9653599262237549]
[0.03442241623997688]
[0.03999435156583786]
[0.062341053038835526]
[0.03306202217936516]
[0.04842330142855644]
[0.45331260561943054]
[0.11125677824020386]
[0.30869314074516296]
[0.6611647009849548]
[0.034107595682144165]
[0.7137419581413269]
[0.8197681307792664]
[0.9606785774230957]
[0.970538854598999]
[0.4301967918872833]
[0.04427347332239151]
[0.10585284233093262]
[0.9793617129325867]
[0.9779614210128784]
[0.9605042338371277]
[0.8073449730873108]
[0.9767330288887024]
[0.9441755414009094]
[0.969346821308136]
[0.11531209200620651]
