[0.02639138139784336]
[0.9130387902259827]
[0.7231493592262268]
[0.9469350576400757]
[0.9815639853477478]
[0.8900647759437561]
[0.9828802943229675]
[0.9828675985336304]
[0.9780542254447937]
[0.9830410480499268]
[0.9826080203056335]
[0.984490692615509]
[0.9841229319572449]
[0.9836921691894531]
[0.982991099357605]
[0.9678581953048706]
[0.9700421094894409]
[0.9801714420318604]
[0.618787407875061]
[0.031246408820152283]
[0.019667254760861397]
[0.032077476382255554]
[0.9638726711273193]
[0.8690966963768005]
[0.8687125444412231]
[0.9801150560379028]
[0.982017993927002]
[0.9813928008079529]
[0.9692819714546204]
[0.9702629446983337]
[0.9785943627357483]
[0.9789047837257385]
[0.7986279726028442]
[0.9809936285018921]
[0.9747694134712219]
[0.9814106822013855]
[0.977299153804779]
[0.9538823962211609]
[0.9785495400428772]
[0.9797289967536926]
[0.9807311296463013]
[0.9797171950340271]
[0.9800011515617371]
[0.9839553236961365]
[0.9826138615608215]
[0.9826295375823975]
[0.9786800146102905]
[0.9823868274688721]
[0.03199559450149536]
[0.01944728009402752]
[0.02536069042980671]
[0.9570808410644531]
[0.9200890064239502]
[0.9366249442100525]
[0.027715414762496948]
[0.021663358435034752]
[0.03457828611135483]
[0.07874813675880432]
[0.025843622162938118]
[0.033835623413324356]
[0.028236135840415955]
[0.042669877409935]
[0.581386923789978]
[0.026049751788377762]
[0.025287285447120667]
[0.05451948568224907]
[0.9803332686424255]
[0.9816868305206299]
[0.05168672278523445]
[0.9759248495101929]
[0.10874942690134048]
[0.09730090200901031]
[0.06887996941804886]
[0.9795014262199402]
[0.3326222598552704]
[0.03728394955396652]
[0.9704399108886719]
[0.9836710691452026]
[0.9837125539779663]
[0.9769235253334045]
[0.9835585951805115]
[0.9847143292427063]
[0.984476625919342]
[0.9843929409980774]
[0.9840975403785706]
[0.9847347736358643]
[0.9849056601524353]
[0.983744740486145]
[0.984219491481781]
[0.9849845170974731]
[0.984820544719696]
[0.8667569160461426]
[0.9478329420089722]
[0.037433549761772156]
[0.04295579716563225]
[0.9204815626144409]
[0.977912425994873]
[0.9845681190490723]
[0.9842604994773865]
[0.9848548769950867]
[0.9847704768180847]
[0.9835752248764038]
[0.981497049331665]
[0.9793983101844788]
[0.8855305910110474]
[0.04597276449203491]
[0.04626845568418503]
[0.9478352069854736]
[0.4451180696487427]
[0.9575555324554443]
[0.8361412286758423]
[0.018821295350790024]
[0.9499679207801819]
[0.9748827815055847]
[0.9710316061973572]
[0.9148751497268677]
[0.9596475958824158]
[0.8791123032569885]
[0.8756130933761597]
[0.8602030277252197]
[0.01903393678367138]
[0.022971274331212044]
[0.02088944800198078]
[0.024654153734445572]
[0.018124818801879883]
[0.022013328969478607]
[0.5647372603416443]
[0.02323230355978012]
[0.022220460698008537]
[0.04956350103020668]
[0.023311913013458252]
[0.023717742413282394]
[0.023453034460544586]
[0.026723455637693405]
[0.02382756769657135]
[0.023361874744296074]
[0.017355047166347504]
[0.019282164052128792]
[0.020958712324500084]
[0.022717608138918877]
[0.5211858153343201]
[0.025678662583231926]
[0.026170717552304268]
[0.023908179253339767]
[0.023515166714787483]
[0.026099005714058876]
[0.021549828350543976]
[0.0206611268222332]
[0.018160630017518997]
[0.0232746172696352]
[0.021560708060860634]
[0.09002166241407394]
[0.021511217579245567]
[0.0231446772813797]
[0.022281304001808167]
[0.9855338335037231]
[0.9855306148529053]
[0.9852477312088013]
[0.9850494265556335]
[0.9848277568817139]
[0.9855028390884399]
[0.9854894280433655]
[0.9847248196601868]
[0.9847692251205444]
[0.9797142148017883]
[0.9846411347389221]
[0.8970871567726135]
[0.8211906552314758]
[0.8717567920684814]
[0.9259684085845947]
[0.9679365754127502]
[0.984300434589386]
[0.4964544177055359]
[0.9787395000457764]
[0.9674680829048157]
[0.9776785373687744]
[0.9820762872695923]
[0.9843524098396301]
[0.983642578125]
[0.06214181333780289]
[0.057471863925457]
[0.05045533552765846]
[0.9825403094291687]
[0.9279828667640686]
[0.06768859922885895]
[0.9849873185157776]
[0.9785583019256592]
[0.19561822712421417]
[0.04842061921954155]
[0.05208686366677284]
[0.8926727175712585]
[0.9842653274536133]
[0.9852369427680969]
[0.9837421178817749]
[0.9838435053825378]
[0.9822062253952026]
[0.9840965270996094]
[0.9819966554641724]
[0.9650118947029114]
[0.019375236704945564]
[0.9787058234214783]
[0.9793910980224609]
[0.29799744486808777]
[0.9682008028030396]
[0.9666556715965271]
[0.9812237024307251]
[0.9794043302536011]
[0.9798597693443298]
[0.9802631735801697]
[0.9794576168060303]
[0.9686964154243469]
[0.05472749099135399]
[0.9042887091636658]
[0.8840199708938599]
[0.02381790429353714]
[0.02318326011300087]
[0.7800747752189636]
[0.5359743237495422]
[0.9577220678329468]
[0.02553318440914154]
[0.025920189917087555]
[0.27992719411849976]
[0.9328606724739075]
[0.9756529927253723]
[0.9775723814964294]
[0.9809123873710632]
[0.9821991324424744]
[0.9788339734077454]
[0.9826059341430664]
[0.9785929918289185]
[0.9769574403762817]
[0.9657572507858276]
[0.9817848205566406]
[0.9822039604187012]
[0.9711803197860718]
[0.9807896018028259]
[0.9696229696273804]
[0.9590469598770142]
[0.9754621982574463]
[0.026665763929486275]
[0.5989649891853333]
[0.915129542350769]
[0.9652937054634094]
[0.04698460176587105]
[0.20199498534202576]
[0.2383269965648651]
[0.9508965611457825]
[0.8564446568489075]
[0.056613482534885406]
[0.034070685505867004]
[0.9786189198493958]
[0.9738247394561768]
[0.2424246072769165]
[0.9826399087905884]
[0.9849876761436462]
[0.9842982292175293]
[0.9772614240646362]
[0.9846276640892029]
[0.984930157661438]
[0.9793748259544373]
[0.984211266040802]
[0.981769323348999]
[0.9857825040817261]
[0.9838657975196838]
[0.9844457507133484]
[0.9843185544013977]
[0.9850217700004578]
[0.9805866479873657]
[0.9837475419044495]
[0.9847687482833862]
[0.9846404790878296]
[0.9832384586334229]
[0.752987802028656]
[0.9855016469955444]
[0.9842745661735535]
[0.9836936593055725]
[0.9831081032752991]
[0.9854571223258972]
[0.9854281544685364]
[0.9839037656784058]
[0.9817699790000916]
[0.9781954288482666]
[0.9805980920791626]
[0.9822898507118225]
[0.9840686917304993]
[0.9825834631919861]
[0.985562801361084]
[0.9825978875160217]
[0.984153687953949]
[0.98536217212677]
[0.9838979840278625]
[0.985836386680603]
[0.9843787550926208]
[0.9834449887275696]
[0.9807034730911255]
[0.9851171970367432]
[0.9710030555725098]
[0.9804370999336243]
[0.984490692615509]
[0.9831816554069519]
[0.982322633266449]
[0.9837061166763306]
[0.09192407876253128]
[0.7759517431259155]
[0.9376785159111023]
[0.03531542792916298]
[0.033574093133211136]
[0.9789940118789673]
[0.9567946195602417]
[0.9613194465637207]
[0.9847474098205566]
[0.6015510559082031]
[0.9345237016677856]
[0.9826707243919373]
[0.9566971659660339]
[0.9009000062942505]
[0.047251880168914795]
[0.03600531071424484]
[0.36079227924346924]
[0.14202071726322174]
[0.9808610081672668]
[0.9554393291473389]
[0.5175800919532776]
[0.2327277660369873]
[0.9818056225776672]
[0.9853054881095886]
[0.972491443157196]
[0.9648590683937073]
[0.8854771852493286]
[0.9678570628166199]
[0.9695829749107361]
[0.9676176309585571]
[0.07339881360530853]
[0.09592846035957336]
[0.1401699185371399]
[0.031725943088531494]
[0.777637779712677]
[0.9005904197692871]
[0.9828379154205322]
[0.6893343925476074]
[0.9810780882835388]
[0.968590497970581]
[0.9794617295265198]
[0.9780486822128296]
[0.9807367324829102]
[0.983227014541626]
[0.9836365580558777]
[0.9807693958282471]
[0.9828171730041504]
[0.9829180836677551]
[0.98262619972229]
[0.9834527373313904]
[0.9835593104362488]
[0.980262279510498]
[0.9834377765655518]
[0.9821402430534363]
[0.980279803276062]
[0.9834907650947571]
[0.9834375381469727]
[0.9836223721504211]
[0.035602081567049026]
[0.9802655577659607]
[0.046780381351709366]
[0.8665974736213684]
[0.9329060316085815]
[0.19131503999233246]
[0.9745962023735046]
[0.9381074905395508]
[0.9416875243186951]
[0.17409072816371918]
[0.8601980805397034]
[0.3779639005661011]
[0.038149040192365646]
[0.03162282332777977]
[0.03179856017231941]
[0.03176920861005783]
[0.5090081691741943]
[0.8154677748680115]
[0.8522589802742004]
[0.030599387362599373]
[0.3354858160018921]
[0.036505624651908875]
[0.03835964947938919]
[0.036046478897333145]
[0.03617088496685028]
[0.037217877805233]
[0.9506144523620605]
[0.2137100100517273]
[0.07689585536718369]
[0.9811881184577942]
[0.978095531463623]
[0.03503771126270294]
[0.04476441442966461]
[0.9771356582641602]
[0.9800817370414734]
[0.9752248525619507]
[0.029234129935503006]
[0.9217689633369446]
[0.0460677295923233]
[0.041334010660648346]
[0.03524051606655121]
[0.035455431789159775]
[0.9840422868728638]
[0.9802659153938293]
[0.9804430603981018]
[0.9445717930793762]
[0.9629989862442017]
[0.9780502915382385]
[0.5917981863021851]
[0.38911256194114685]
[0.9483026266098022]
[0.9737890958786011]
[0.8859174847602844]
[0.930296778678894]
[0.5504270195960999]
[0.20617330074310303]
[0.6561689376831055]
[0.02815181389451027]
[0.8368967771530151]
[0.7075246572494507]
[0.042096398770809174]
[0.9138370156288147]
[0.03127247467637062]
[0.040321286767721176]
[0.030519142746925354]
[0.6992553472518921]
[0.06296960264444351]
[0.031655002385377884]
[0.7382144331932068]
[0.03243205323815346]
[0.036585573107004166]
[0.03704475238919258]
[0.036526307463645935]
[0.031920190900564194]
[0.030523162335157394]
[0.03208426386117935]
[0.196354478597641]
[0.04987123981118202]
[0.17643974721431732]
[0.03184953331947327]
[0.7519550323486328]
[0.03232748806476593]
[0.2387997955083847]
[0.0492263101041317]
[0.03980717808008194]
[0.03913076967000961]
[0.9408392906188965]
[0.9722411036491394]
[0.03342178091406822]
[0.038761746138334274]
[0.9823859930038452]
[0.9807431697845459]
[0.9768060445785522]
[0.03218415379524231]
[0.03701324760913849]
[0.03050198405981064]
[0.9573732614517212]
[0.9787100553512573]
[0.8332089185714722]
[0.09385478496551514]
[0.9582628607749939]
[0.02624495141208172]
[0.028091460466384888]
[0.058486420661211014]
[0.9288443326950073]
[0.3543326258659363]
[0.9693042635917664]
[0.17033328115940094]
[0.9592992067337036]
[0.9587002396583557]
[0.9354979991912842]
[0.9612091779708862]
[0.9812322854995728]
[0.9800957441329956]
[0.7535606026649475]
[0.9784862995147705]
[0.9733288884162903]
[0.048605453222990036]
[0.801906168460846]
[0.9027984142303467]
[0.976874828338623]
[0.8588804602622986]
[0.03578069433569908]
[0.038608431816101074]
[0.04347949102520943]
[0.935221254825592]
[0.972032368183136]
[0.021276893094182014]
[0.01830030418932438]
[0.019724516198039055]
[0.01864161156117916]
[0.016395526006817818]
[0.06419581919908524]
[0.015798235312104225]
[0.6255927085876465]
[0.021019525825977325]
[0.01742636039853096]
[0.6470770835876465]
[0.9445986151695251]
[0.9723480343818665]
[0.9742236137390137]
[0.07870417833328247]
[0.023265929892659187]
[0.021352171897888184]
[0.9842600226402283]
[0.9835134148597717]
[0.9807167649269104]
[0.9655576944351196]
[0.9732381105422974]
[0.9801826477050781]
[0.9795557856559753]
[0.05464581400156021]
