[0.07062377035617828]
[0.9686917662620544]
[0.967420220375061]
[0.9729430675506592]
[0.9765515327453613]
[0.8369858860969543]
[0.9742136597633362]
[0.9765000343322754]
[0.9750771522521973]
[0.9744128584861755]
[0.9723618030548096]
[0.9764943718910217]
[0.9770424365997314]
[0.974275529384613]
[0.9763318300247192]
[0.9646369218826294]
[0.9685202836990356]
[0.9715881943702698]
[0.6512090563774109]
[0.029232243075966835]
[0.028020471334457397]
[0.2333330512046814]
[0.974155604839325]
[0.9567519426345825]
[0.910287618637085]
[0.9754752516746521]
[0.9733889102935791]
[0.9748634099960327]
[0.9711704254150391]
[0.9735699892044067]
[0.9725638031959534]
[0.9740700125694275]
[0.9732902646064758]
[0.9696243405342102]
[0.9744483828544617]
[0.9751245975494385]
[0.8071767091751099]
[0.9722736477851868]
[0.9639331698417664]
[0.97480708360672]
[0.9739598631858826]
[0.9675894975662231]
[0.9693107604980469]
[0.9746499061584473]
[0.9735339283943176]
[0.9741031527519226]
[0.9660295248031616]
[0.7418474555015564]
[0.024809738621115685]
[0.308976948261261]
[0.9037388563156128]
[0.9723936915397644]
[0.9741277098655701]
[0.8730621337890625]
[0.26689714193344116]
[0.4321148693561554]
[0.03360135480761528]
[0.43785005807876587]
[0.833761990070343]
[0.02601788192987442]
[0.0277435090392828]
[0.9727334380149841]
[0.268002986907959]
[0.022402627393603325]
[0.20565158128738403]
[0.4615418612957001]
[0.962801992893219]
[0.9113677740097046]
[0.4553678631782532]
[0.9747691750526428]
[0.41735219955444336]
[0.5134264826774597]
[0.28928861021995544]
[0.9568617343902588]
[0.9628792405128479]
[0.04428989067673683]
[0.9442588686943054]
[0.9708845019340515]
[0.9759450554847717]
[0.9226572513580322]
[0.9696350693702698]
[0.9762904644012451]
[0.9755321741104126]
[0.9764152765274048]
[0.9761700630187988]
[0.9754152297973633]
[0.9757634401321411]
[0.9760003685951233]
[0.9761688113212585]
[0.9745691418647766]
[0.9753925204277039]
[0.908758282661438]
[0.9712987542152405]
[0.09809982776641846]
[0.03010968305170536]
[0.974750816822052]
[0.975392758846283]
[0.9756576418876648]
[0.9755141139030457]
[0.9758521914482117]
[0.9760260581970215]
[0.9688762426376343]
[0.9711035490036011]
[0.9751708507537842]
[0.2714758813381195]
[0.29878321290016174]
[0.06202710419893265]
[0.9696942567825317]
[0.9558721780776978]
[0.9139897227287292]
[0.9464124441146851]
[0.31970155239105225]
[0.928463876247406]
[0.9709548354148865]
[0.9726997017860413]
[0.9668604731559753]
[0.9710832238197327]
[0.7919561862945557]
[0.5878603458404541]
[0.522393524646759]
[0.20663656294345856]
[0.03797038272023201]
[0.039472855627536774]
[0.026777276769280434]
[0.2211626172065735]
[0.15748700499534607]
[0.9690353870391846]
[0.023525051772594452]
[0.026794325560331345]
[0.5182252526283264]
[0.02412421442568302]
[0.04428134113550186]
[0.029027758166193962]
[0.024618331342935562]
[0.0329364649951458]
[0.02197432518005371]
[0.2461589276790619]
[0.1961960792541504]
[0.07209468632936478]
[0.025134006515145302]
[0.966812014579773]
[0.023095164448022842]
[0.02556600607931614]
[0.022632917389273643]
[0.024882733821868896]
[0.03185391426086426]
[0.023248599842190742]
[0.027352020144462585]
[0.34500977396965027]
[0.028624631464481354]
[0.03772955387830734]
[0.43021219968795776]
[0.3080846965312958]
[0.030008353292942047]
[0.0391264446079731]
[0.9754347205162048]
[0.9752299189567566]
[0.9754427671432495]
[0.9744353294372559]
[0.975576639175415]
[0.9756616353988647]
[0.975671648979187]
[0.9749453067779541]
[0.9753034114837646]
[0.9746382236480713]
[0.9704196453094482]
[0.9736289381980896]
[0.9546428322792053]
[0.9718741178512573]
[0.9736955165863037]
[0.9754586815834045]
[0.9747671484947205]
[0.37381207942962646]
[0.9727592468261719]
[0.975239098072052]
[0.9748497009277344]
[0.9727405309677124]
[0.9753036499023438]
[0.9739930629730225]
[0.3483324646949768]
[0.27964749932289124]
[0.04410070553421974]
[0.9740869402885437]
[0.4508870840072632]
[0.3507245182991028]
[0.9732605814933777]
[0.970828652381897]
[0.5217388272285461]
[0.03145246207714081]
[0.02898208424448967]
[0.7756826877593994]
[0.9756547212600708]
[0.9757970571517944]
[0.9756563305854797]
[0.9742493033409119]
[0.9714515209197998]
[0.9746924638748169]
[0.9735897779464722]
[0.9740249514579773]
[0.03020922839641571]
[0.9728236794471741]
[0.9731748700141907]
[0.2673865854740143]
[0.557664692401886]
[0.9546392560005188]
[0.9751245975494385]
[0.9743345379829407]
[0.9736793637275696]
[0.97314453125]
[0.9709703326225281]
[0.9689826965332031]
[0.3762541711330414]
[0.6280879378318787]
[0.7844499945640564]
[0.08025635778903961]
[0.150926411151886]
[0.9666497707366943]
[0.940721869468689]
[0.356606662273407]
[0.36540764570236206]
[0.5804896950721741]
[0.8379986882209778]
[0.9737943410873413]
[0.9618383646011353]
[0.9642389416694641]
[0.9717795252799988]
[0.9715747833251953]
[0.9756113886833191]
[0.9703266620635986]
[0.9705377221107483]
[0.9748921990394592]
[0.9746431112289429]
[0.975883960723877]
[0.9757290482521057]
[0.975800096988678]
[0.9710909724235535]
[0.9736305475234985]
[0.9698025584220886]
[0.9638534188270569]
[0.9586168527603149]
[0.9653056263923645]
[0.965415894985199]
[0.9747340679168701]
[0.41984882950782776]
[0.9563055634498596]
[0.9696232080459595]
[0.9643495678901672]
[0.35358303785324097]
[0.47472134232521057]
[0.9550721645355225]
[0.9656125903129578]
[0.9646580815315247]
[0.9737758636474609]
[0.9730550050735474]
[0.9736385941505432]
[0.9757435917854309]
[0.9682495594024658]
[0.9742310643196106]
[0.9741288423538208]
[0.9751642942428589]
[0.963131308555603]
[0.9743033051490784]
[0.9752766489982605]
[0.9748798608779907]
[0.9716810584068298]
[0.9754313230514526]
[0.9752873182296753]
[0.9747615456581116]
[0.9754396080970764]
[0.9750286340713501]
[0.9742042422294617]
[0.9746813774108887]
[0.9701749682426453]
[0.9754859805107117]
[0.9752569198608398]
[0.9744561910629272]
[0.9740142226219177]
[0.9743913412094116]
[0.9750831127166748]
[0.9750576019287109]
[0.9750755429267883]
[0.9742717146873474]
[0.9739283919334412]
[0.9753584265708923]
[0.973305881023407]
[0.9748269319534302]
[0.9738069772720337]
[0.9742447733879089]
[0.9756178259849548]
[0.9752010107040405]
[0.9745802879333496]
[0.9753963947296143]
[0.9758365154266357]
[0.973735511302948]
[0.9735658168792725]
[0.9759327173233032]
[0.286587655544281]
[0.9717787504196167]
[0.9746894240379333]
[0.9679968953132629]
[0.9675112366676331]
[0.9661471247673035]
[0.34237509965896606]
[0.9352738857269287]
[0.9369648694992065]
[0.07003805786371231]
[0.06472259759902954]
[0.49921801686286926]
[0.9697425961494446]
[0.9716963768005371]
[0.9730699062347412]
[0.4155731797218323]
[0.5509781837463379]
[0.9748610258102417]
[0.9711319804191589]
[0.9720921516418457]
[0.3103122115135193]
[0.29712358117103577]
[0.7056394815444946]
[0.2699706256389618]
[0.9754010438919067]
[0.9627346992492676]
[0.7612516283988953]
[0.33206748962402344]
[0.9739970564842224]
[0.9741036891937256]
[0.9685616493225098]
[0.9363627433776855]
[0.22524145245552063]
[0.9633389115333557]
[0.9320754408836365]
[0.9559674859046936]
[0.9478116631507874]
[0.9718360304832458]
[0.9475769400596619]
[0.2833777666091919]
[0.9108397364616394]
[0.969087541103363]
[0.9658206105232239]
[0.943501353263855]
[0.670291543006897]
[0.9694366455078125]
[0.9750303030014038]
[0.9733600616455078]
[0.9751297235488892]
[0.9761509895324707]
[0.9754884839057922]
[0.9753732681274414]
[0.9747735857963562]
[0.9755378365516663]
[0.9759241938591003]
[0.9760124087333679]
[0.9756549596786499]
[0.9748181104660034]
[0.973177969455719]
[0.9760208129882812]
[0.9757505059242249]
[0.9759150743484497]
[0.9761077165603638]
[0.9758289456367493]
[0.9694831371307373]
[0.9420953989028931]
[0.888469934463501]
[0.9731031060218811]
[0.9127486944198608]
[0.8954269886016846]
[0.9748560190200806]
[0.9743015766143799]
[0.8448740243911743]
[0.891657829284668]
[0.8333360552787781]
[0.6457346081733704]
[0.28194132447242737]
[0.05837378650903702]
[0.10351458936929703]
[0.30010491609573364]
[0.42740222811698914]
[0.4691450297832489]
[0.4888257682323456]
[0.2584758400917053]
[0.18061676621437073]
[0.03484232351183891]
[0.3746911585330963]
[0.023519817739725113]
[0.1327730268239975]
[0.26243969798088074]
[0.958407998085022]
[0.7449854612350464]
[0.38591164350509644]
[0.9720673561096191]
[0.9724913239479065]
[0.041688088327646255]
[0.33854004740715027]
[0.9755738973617554]
[0.9717615246772766]
[0.9704360365867615]
[0.2603857219219208]
[0.4113297164440155]
[0.042638253420591354]
[0.0620308518409729]
[0.030346598476171494]
[0.029976101592183113]
[0.9757363200187683]
[0.9698160290718079]
[0.9734951853752136]
[0.9417275786399841]
[0.973331868648529]
[0.9736976623535156]
[0.9352879524230957]
[0.8310641050338745]
[0.9695127010345459]
[0.9745340943336487]
[0.9721993207931519]
[0.9671735763549805]
[0.2950226664543152]
[0.21322309970855713]
[0.887010395526886]
[0.2948422133922577]
[0.9699617028236389]
[0.9657939672470093]
[0.3134803771972656]
[0.9721367359161377]
[0.24340452253818512]
[0.023305488750338554]
[0.2637168765068054]
[0.9619898200035095]
[0.9559273719787598]
[0.15334491431713104]
[0.9633539915084839]
[0.32039687037467957]
[0.24192728102207184]
[0.044581346213817596]
[0.041720420122146606]
[0.18915946781635284]
[0.3726207911968231]
[0.3064716160297394]
[0.8799962401390076]
[0.32692527770996094]
[0.28055572509765625]
[0.7117436528205872]
[0.6913140416145325]
[0.03658314421772957]
[0.8529912829399109]
[0.5922998785972595]
[0.22791697084903717]
[0.29217320680618286]
[0.9555874466896057]
[0.9728632569313049]
[0.27778759598731995]
[0.5794318914413452]
[0.9737101197242737]
[0.9717171788215637]
[0.9714514017105103]
[0.12900443375110626]
[0.04092450067400932]
[0.4720437228679657]
[0.9656407237052917]
[0.9757295846939087]
[0.4741634726524353]
[0.48672860860824585]
[0.9563923478126526]
[0.18455083668231964]
[0.0970558375120163]
[0.1510857492685318]
[0.7391518950462341]
[0.9726206660270691]
[0.9753775596618652]
[0.6487199664115906]
[0.9670597314834595]
[0.9656410813331604]
[0.970686674118042]
[0.8087155818939209]
[0.9753012657165527]
[0.9744275212287903]
[0.9720618724822998]
[0.9754456281661987]
[0.9749978184700012]
[0.42976608872413635]
[0.9733852744102478]
[0.9697980880737305]
[0.9760380983352661]
[0.8624563217163086]
[0.02293655462563038]
[0.033576104789972305]
[0.05306118726730347]
[0.9425384402275085]
[0.9736745953559875]
[0.03209394961595535]
[0.025919485837221146]
[0.3148472309112549]
[0.02979026921093464]
[0.23600630462169647]
[0.4929121732711792]
[0.26496148109436035]
[0.355548232793808]
[0.2962382733821869]
[0.03838006779551506]
[0.901774525642395]
[0.9600260853767395]
[0.9563467502593994]
[0.9696347713470459]
[0.2229386270046234]
[0.3037163317203522]
[0.3884293735027313]
[0.9756790995597839]
[0.975938618183136]
[0.9736927151679993]
[0.8813325762748718]
[0.9498257040977478]
[0.9749829173088074]
[0.9733653664588928]
[0.18606722354888916]
