[0.041289132088422775]
[0.18881215155124664]
[0.9133839011192322]
[0.0768134742975235]
[0.9810808300971985]
[0.08705075830221176]
[0.9833406805992126]
[0.9818832874298096]
[0.9838197827339172]
[0.9839237332344055]
[0.9810706377029419]
[0.9864206314086914]
[0.9852100014686584]
[0.9888494610786438]
[0.9871618151664734]
[0.20236831903457642]
[0.8760010600090027]
[0.9809884428977966]
[0.06630577892065048]
[0.041343092918395996]
[0.040666963905096054]
[0.0396941639482975]
[0.9723766446113586]
[0.9865793585777283]
[0.15806841850280762]
[0.9831956028938293]
[0.9846274256706238]
[0.9880843758583069]
[0.9717869758605957]
[0.9825394153594971]
[0.982964038848877]
[0.9853374361991882]
[0.31996047496795654]
[0.9740081429481506]
[0.9873617887496948]
[0.9868903160095215]
[0.9815782308578491]
[0.9778391122817993]
[0.9779896140098572]
[0.9776221513748169]
[0.9768490195274353]
[0.9783761501312256]
[0.9727250933647156]
[0.9854323267936707]
[0.9861366748809814]
[0.9856393337249756]
[0.9608698487281799]
[0.9580053091049194]
[0.0396636500954628]
[0.058963481336832047]
[0.07779407501220703]
[0.9805444478988647]
[0.8903446197509766]
[0.05537545680999756]
[0.04551544785499573]
[0.04626113921403885]
[0.03856904059648514]
[0.07835909724235535]
[0.05313478037714958]
[0.03869015350937843]
[0.03802343085408211]
[0.1859811246395111]
[0.0612688884139061]
[0.04633430764079094]
[0.04559918865561485]
[0.05004025250673294]
[0.9801748394966125]
[0.9877227544784546]
[0.9713818430900574]
[0.9865276217460632]
[0.09921836853027344]
[0.07982464134693146]
[0.06645321100950241]
[0.9766231775283813]
[0.8258756995201111]
[0.07241082191467285]
[0.08346687257289886]
[0.9808872938156128]
[0.9826431274414062]
[0.07214563339948654]
[0.9681849479675293]
[0.9876393675804138]
[0.9886431097984314]
[0.9861078858375549]
[0.9876396059989929]
[0.9886907339096069]
[0.9838390350341797]
[0.9851956367492676]
[0.9864981174468994]
[0.9853944778442383]
[0.9887808561325073]
[0.11902805417776108]
[0.4894143044948578]
[0.0945185050368309]
[0.06975891441106796]
[0.9711624383926392]
[0.9815866351127625]
[0.9780753254890442]
[0.9859465956687927]
[0.9871496558189392]
[0.9882259964942932]
[0.9794897437095642]
[0.30158495903015137]
[0.957748532295227]
[0.08031798899173737]
[0.06597547233104706]
[0.06623012572526932]
[0.8344640135765076]
[0.3461929261684418]
[0.10430397838354111]
[0.08422062546014786]
[0.0868392214179039]
[0.966877818107605]
[0.9834858179092407]
[0.9772136211395264]
[0.36670011281967163]
[0.9558000564575195]
[0.11604805290699005]
[0.3613716959953308]
[0.3951556086540222]
[0.07638931274414062]
[0.04708413407206535]
[0.05345308780670166]
[0.050836868584156036]
[0.07352368533611298]
[0.052953511476516724]
[0.6389356851577759]
[0.053069084882736206]
[0.050113495439291]
[0.07071691006422043]
[0.05188925564289093]
[0.060348495841026306]
[0.06391202658414841]
[0.0537022240459919]
[0.06606609374284744]
[0.04948697239160538]
[0.07145478576421738]
[0.05308413505554199]
[0.05089149624109268]
[0.05177948623895645]
[0.9779325723648071]
[0.048094216734170914]
[0.05007030814886093]
[0.05135338380932808]
[0.050806716084480286]
[0.04767228290438652]
[0.05237831175327301]
[0.047295209020376205]
[0.07291044294834137]
[0.05474717170000076]
[0.05016079917550087]
[0.0663292333483696]
[0.054708726704120636]
[0.05505191534757614]
[0.051680777221918106]
[0.9856306910514832]
[0.9870761036872864]
[0.9867820739746094]
[0.9878301024436951]
[0.986350953578949]
[0.9840606451034546]
[0.9883877635002136]
[0.9871073365211487]
[0.9845708012580872]
[0.966451108455658]
[0.9834264516830444]
[0.5557317733764648]
[0.7622461915016174]
[0.9536333084106445]
[0.9249774813652039]
[0.9736764430999756]
[0.9869182705879211]
[0.9351723194122314]
[0.9861636757850647]
[0.9856435060501099]
[0.9856491684913635]
[0.9488562941551208]
[0.9816486835479736]
[0.9768087863922119]
[0.12870323657989502]
[0.09150822460651398]
[0.07323606312274933]
[0.6583629846572876]
[0.2012527585029602]
[0.10285437852144241]
[0.8381389379501343]
[0.3249318599700928]
[0.08205695450305939]
[0.07891862839460373]
[0.07966192811727524]
[0.29401612281799316]
[0.9868265390396118]
[0.9886993765830994]
[0.9859821796417236]
[0.9886605739593506]
[0.9787730574607849]
[0.9871988892555237]
[0.9784825444221497]
[0.9866564273834229]
[0.04975808039307594]
[0.9694957733154297]
[0.9815652966499329]
[0.12941856682300568]
[0.05300983041524887]
[0.2896261215209961]
[0.9809567928314209]
[0.9866418838500977]
[0.9854092001914978]
[0.9855007529258728]
[0.985632061958313]
[0.17219775915145874]
[0.038776952773332596]
[0.2799471616744995]
[0.44006311893463135]
[0.04897153377532959]
[0.04636688902974129]
[0.8232677578926086]
[0.962775707244873]
[0.8308230042457581]
[0.13233186304569244]
[0.24743346869945526]
[0.19990086555480957]
[0.969177782535553]
[0.9796470403671265]
[0.9844841361045837]
[0.9876713752746582]
[0.9868878722190857]
[0.9855142831802368]
[0.98731529712677]
[0.9787760376930237]
[0.9601026773452759]
[0.9731941819190979]
[0.9751754999160767]
[0.9849890470504761]
[0.9553345441818237]
[0.9870228171348572]
[0.9623701572418213]
[0.8964877724647522]
[0.98099285364151]
[0.9725499749183655]
[0.981560230255127]
[0.9869892001152039]
[0.9865595102310181]
[0.17902754247188568]
[0.7173464894294739]
[0.7730931639671326]
[0.9533559083938599]
[0.19860126078128815]
[0.18258363008499146]
[0.8941830992698669]
[0.6221888661384583]
[0.7117940783500671]
[0.33846935629844666]
[0.8765867948532104]
[0.9814505577087402]
[0.9875565767288208]
[0.8866339921951294]
[0.9869549870491028]
[0.9779161810874939]
[0.9666678309440613]
[0.9735633134841919]
[0.9861910343170166]
[0.9882909655570984]
[0.9635176062583923]
[0.9578853249549866]
[0.9882488250732422]
[0.9851542115211487]
[0.9856382012367249]
[0.9828048348426819]
[0.9881123900413513]
[0.9845098853111267]
[0.9680113196372986]
[0.9365478157997131]
[0.9884288907051086]
[0.9874836206436157]
[0.9465298056602478]
[0.9686864018440247]
[0.9865359663963318]
[0.9886407852172852]
[0.9844039082527161]
[0.9855772852897644]
[0.6727625131607056]
[0.9669955372810364]
[0.9823859930038452]
[0.9848924875259399]
[0.984890878200531]
[0.9861913919448853]
[0.9863322973251343]
[0.9874853491783142]
[0.9793573617935181]
[0.9854111671447754]
[0.9866310954093933]
[0.9834286570549011]
[0.9813496470451355]
[0.922193706035614]
[0.9833194613456726]
[0.4393099546432495]
[0.9804890155792236]
[0.9870409965515137]
[0.9869738817214966]
[0.9695576429367065]
[0.9831613302230835]
[0.05783284455537796]
[0.9252031445503235]
[0.8131187558174133]
[0.043460916727781296]
[0.04173584654927254]
[0.9497373104095459]
[0.9179767370223999]
[0.8518028259277344]
[0.9840624928474426]
[0.04791180416941643]
[0.11035193502902985]
[0.9770451784133911]
[0.8826091885566711]
[0.8770182728767395]
[0.04040312021970749]
[0.04372212290763855]
[0.0421108715236187]
[0.043646056205034256]
[0.937182605266571]
[0.9305383563041687]
[0.31323739886283875]
[0.05496933311223984]
[0.44161733984947205]
[0.985988438129425]
[0.8833164572715759]
[0.9529268145561218]
[0.0706135556101799]
[0.07302559167146683]
[0.1066908910870552]
[0.10684984922409058]
[0.10247255116701126]
[0.18653158843517303]
[0.23168212175369263]
[0.06780453771352768]
[0.340569406747818]
[0.3918159306049347]
[0.9865608811378479]
[0.11480041593313217]
[0.982566773891449]
[0.9300242066383362]
[0.9694403409957886]
[0.816604495048523]
[0.9869689345359802]
[0.9861865043640137]
[0.9854034781455994]
[0.9826839566230774]
[0.9862959980964661]
[0.9828981161117554]
[0.9864548444747925]
[0.9865837693214417]
[0.9877414703369141]
[0.9788476824760437]
[0.9874367713928223]
[0.986292839050293]
[0.982966423034668]
[0.9866573214530945]
[0.9875260591506958]
[0.9877423048019409]
[0.537575364112854]
[0.2846801280975342]
[0.8885921239852905]
[0.982750415802002]
[0.6915955543518066]
[0.8750932216644287]
[0.9843043684959412]
[0.9678584337234497]
[0.975104570388794]
[0.9776902794837952]
[0.45268821716308594]
[0.07180023193359375]
[0.09825043380260468]
[0.07214978337287903]
[0.06898923218250275]
[0.06831613183021545]
[0.4320390820503235]
[0.4206634759902954]
[0.9526264071464539]
[0.09335418790578842]
[0.18477840721607208]
[0.0659819021821022]
[0.06829339265823364]
[0.06383447349071503]
[0.05964716896414757]
[0.0757116749882698]
[0.6469535231590271]
[0.347811758518219]
[0.941974401473999]
[0.9554585814476013]
[0.9851754307746887]
[0.19132471084594727]
[0.35704585909843445]
[0.9752280116081238]
[0.9762676358222961]
[0.9664554595947266]
[0.06637366116046906]
[0.8943303227424622]
[0.05876293405890465]
[0.059685058891773224]
[0.06429636478424072]
[0.06428682804107666]
[0.9871260523796082]
[0.9562278389930725]
[0.9833770990371704]
[0.9719252586364746]
[0.9824835658073425]
[0.9844400882720947]
[0.9315681457519531]
[0.11002731323242188]
[0.9775831699371338]
[0.9827641844749451]
[0.9263542890548706]
[0.9716469645500183]
[0.07838426530361176]
[0.4797329306602478]
[0.7162913084030151]
[0.069280706346035]
[0.9513139128684998]
[0.5048171877861023]
[0.06123127415776253]
[0.9566482901573181]
[0.061108022928237915]
[0.06266051530838013]
[0.07378334552049637]
[0.7464690804481506]
[0.08190074563026428]
[0.06505793333053589]
[0.8970198035240173]
[0.05074078217148781]
[0.0744878277182579]
[0.06219832971692085]
[0.061768464744091034]
[0.056287094950675964]
[0.6152306795120239]
[0.07676609605550766]
[0.10356728732585907]
[0.07808975130319595]
[0.0681825503706932]
[0.07686571776866913]
[0.3846449851989746]
[0.05451035499572754]
[0.2036239057779312]
[0.12302320450544357]
[0.059774529188871384]
[0.07018984854221344]
[0.9192243814468384]
[0.9566311836242676]
[0.07355950027704239]
[0.07523401826620102]
[0.9865915179252625]
[0.9859358072280884]
[0.9852705001831055]
[0.06267102807760239]
[0.07111640274524689]
[0.0641414001584053]
[0.8426878452301025]
[0.9686365127563477]
[0.15875867009162903]
[0.17787669599056244]
[0.5794585347175598]
[0.055222801864147186]
[0.06832998991012573]
[0.1005810797214508]
[0.16703487932682037]
[0.8854619264602661]
[0.7726190090179443]
[0.21503613889217377]
[0.5987181067466736]
[0.976321816444397]
[0.8437343835830688]
[0.9468382596969604]
[0.9873607158660889]
[0.9849836230278015]
[0.6015191674232483]
[0.9815073013305664]
[0.9623766541481018]
[0.06752347946166992]
[0.6618622541427612]
[0.9792001843452454]
[0.9856869578361511]
[0.14674818515777588]
[0.06393328309059143]
[0.051310572773218155]
[0.05868289992213249]
[0.5941826105117798]
[0.9740626215934753]
[0.048779360949993134]
[0.04590611904859543]
[0.07569384574890137]
[0.0512562058866024]
[0.0500035434961319]
[0.059965722262859344]
[0.0451645664870739]
[0.05780424922704697]
[0.05358482897281647]
[0.044576745480298996]
[0.7088675498962402]
[0.32391101121902466]
[0.982021689414978]
[0.9851186871528625]
[0.0987946018576622]
[0.05131145566701889]
[0.05010471120476723]
[0.9852476119995117]
[0.9860829710960388]
[0.9839921593666077]
[0.924560546875]
[0.9840260148048401]
[0.9846464991569519]
[0.9551264047622681]
[0.05496012046933174]
