[0.02470996044576168]
[0.9529616832733154]
[0.9580991268157959]
[0.9501730799674988]
[0.973651111125946]
[0.9332414865493774]
[0.979985237121582]
[0.9785851240158081]
[0.9462499618530273]
[0.9793780446052551]
[0.9812741875648499]
[0.9801803827285767]
[0.9807878732681274]
[0.9815899729728699]
[0.9781666994094849]
[0.9351813793182373]
[0.9529334902763367]
[0.9802815318107605]
[0.916759192943573]
[0.0318978987634182]
[0.027213213965296745]
[0.04359149560332298]
[0.9769259095191956]
[0.9788852334022522]
[0.8192357420921326]
[0.9680067300796509]
[0.9739755392074585]
[0.9813597202301025]
[0.9788045883178711]
[0.9780568480491638]
[0.9818453788757324]
[0.9806390404701233]
[0.973244309425354]
[0.9806351661682129]
[0.981406569480896]
[0.9794546365737915]
[0.98119056224823]
[0.9769753217697144]
[0.9500468969345093]
[0.9802558422088623]
[0.9816102981567383]
[0.9521812200546265]
[0.9500396847724915]
[0.9816834926605225]
[0.980541467666626]
[0.9818397164344788]
[0.9656718373298645]
[0.9754997491836548]
[0.03632762283086777]
[0.0795106366276741]
[0.07563608139753342]
[0.9775911569595337]
[0.9588153958320618]
[0.9424639940261841]
[0.06578219681978226]
[0.05349401384592056]
[0.03657836467027664]
[0.07285458594560623]
[0.06649935245513916]
[0.03818833455443382]
[0.033727001398801804]
[0.37138065695762634]
[0.5941396951675415]
[0.029165782034397125]
[0.03442099690437317]
[0.3994579017162323]
[0.9655243754386902]
[0.9790385365486145]
[0.1470910608768463]
[0.9765873551368713]
[0.18960610032081604]
[0.6646697521209717]
[0.9567905068397522]
[0.9757292866706848]
[0.0899372324347496]
[0.02417266182601452]
[0.9769592881202698]
[0.9811195135116577]
[0.9794198870658875]
[0.3544839024543762]
[0.9791105389595032]
[0.9780626893043518]
[0.9819427132606506]
[0.9805471301078796]
[0.9805490374565125]
[0.9820072054862976]
[0.9807989597320557]
[0.9811450839042664]
[0.9797581434249878]
[0.9806705713272095]
[0.9817062020301819]
[0.09337133914232254]
[0.2133507877588272]
[0.023663964122533798]
[0.03511354699730873]
[0.9660844802856445]
[0.9809792637825012]
[0.98005211353302]
[0.9811865091323853]
[0.9810851812362671]
[0.98154217004776]
[0.9819034337997437]
[0.9654026031494141]
[0.9779316782951355]
[0.24210524559020996]
[0.3456028699874878]
[0.027154238894581795]
[0.8336055874824524]
[0.8132389187812805]
[0.890580952167511]
[0.8040444850921631]
[0.017244037240743637]
[0.9608408808708191]
[0.9746334552764893]
[0.9741575717926025]
[0.9380989074707031]
[0.973694384098053]
[0.4230545461177826]
[0.6984396576881409]
[0.5256369709968567]
[0.016399355605244637]
[0.028001179918646812]
[0.01766260527074337]
[0.03007093071937561]
[0.016403432935476303]
[0.03134388104081154]
[0.8779603242874146]
[0.025782683864235878]
[0.030702058225870132]
[0.052529845386743546]
[0.030658353120088577]
[0.02052822895348072]
[0.02458536997437477]
[0.02814561128616333]
[0.02398816868662834]
[0.024750038981437683]
[0.021104436367750168]
[0.017205357551574707]
[0.03028254583477974]
[0.026808854192495346]
[0.5472583770751953]
[0.031110698357224464]
[0.029821576550602913]
[0.02839149907231331]
[0.030936548486351967]
[0.030477626249194145]
[0.03020343743264675]
[0.01854783110320568]
[0.024856319651007652]
[0.029756754636764526]
[0.02257465571165085]
[0.08227518200874329]
[0.07296092808246613]
[0.022540118545293808]
[0.02392459101974964]
[0.982236385345459]
[0.9827175736427307]
[0.9825606942176819]
[0.9829923510551453]
[0.9829736948013306]
[0.9826264381408691]
[0.9822136163711548]
[0.9826644062995911]
[0.9803726673126221]
[0.9775846600532532]
[0.9819663763046265]
[0.3530552387237549]
[0.5540698170661926]
[0.2972923219203949]
[0.8731909990310669]
[0.862644612789154]
[0.9785343408584595]
[0.15532246232032776]
[0.9813663959503174]
[0.9793997406959534]
[0.9701104164123535]
[0.9814576506614685]
[0.980674147605896]
[0.982178270816803]
[0.05647905543446541]
[0.0377672016620636]
[0.04411245137453079]
[0.9241628050804138]
[0.9030736684799194]
[0.040043141692876816]
[0.9790229201316833]
[0.7239728569984436]
[0.07533442229032516]
[0.04569053277373314]
[0.04868107661604881]
[0.7880023121833801]
[0.9790792465209961]
[0.982236921787262]
[0.9799010753631592]
[0.9816672801971436]
[0.9763095378875732]
[0.9821977019309998]
[0.9788356423377991]
[0.8463603258132935]
[0.022270286455750465]
[0.970234751701355]
[0.9745022654533386]
[0.0878581702709198]
[0.9504525661468506]
[0.9423264265060425]
[0.9784809350967407]
[0.9765623211860657]
[0.9762946963310242]
[0.9797899723052979]
[0.9770993590354919]
[0.9539182186126709]
[0.9506574273109436]
[0.9499942660331726]
[0.9782731533050537]
[0.028305143117904663]
[0.029621265828609467]
[0.8695045709609985]
[0.817229151725769]
[0.9472499489784241]
[0.01989905536174774]
[0.04278042912483215]
[0.7060685157775879]
[0.9702128767967224]
[0.9662286639213562]
[0.9753350615501404]
[0.979860246181488]
[0.9801713228225708]
[0.9781865477561951]
[0.9784916639328003]
[0.9780591726303101]
[0.9748488068580627]
[0.955490231513977]
[0.9778203964233398]
[0.9797202944755554]
[0.949195384979248]
[0.9798337817192078]
[0.672609269618988]
[0.5333477854728699]
[0.9695293307304382]
[0.5764108300209045]
[0.9467902779579163]
[0.9672754406929016]
[0.7458749413490295]
[0.032012831419706345]
[0.1137903481721878]
[0.04934438318014145]
[0.8746291995048523]
[0.2258743941783905]
[0.05861115828156471]
[0.7223457098007202]
[0.9690810441970825]
[0.977809488773346]
[0.1734112948179245]
[0.9804303050041199]
[0.9821420907974243]
[0.9797707200050354]
[0.9613359570503235]
[0.9809995889663696]
[0.9808823466300964]
[0.9779372811317444]
[0.9795668721199036]
[0.9800590872764587]
[0.981674075126648]
[0.9794186353683472]
[0.98068767786026]
[0.9826505780220032]
[0.9815704226493835]
[0.9771718382835388]
[0.9790657758712769]
[0.9822717905044556]
[0.98029625415802]
[0.9786695241928101]
[0.9525176882743835]
[0.982718825340271]
[0.9824200868606567]
[0.9802969694137573]
[0.980207622051239]
[0.9811861515045166]
[0.9810085296630859]
[0.9804490208625793]
[0.9821037650108337]
[0.9767672419548035]
[0.9645082354545593]
[0.9786074161529541]
[0.9819351434707642]
[0.9771086573600769]
[0.9806546568870544]
[0.9815148711204529]
[0.9798474311828613]
[0.9819368720054626]
[0.9812012314796448]
[0.981106162071228]
[0.9806759357452393]
[0.9790943264961243]
[0.9803215861320496]
[0.9814409017562866]
[0.9666844010353088]
[0.9757637977600098]
[0.9801771640777588]
[0.9752418398857117]
[0.9709850549697876]
[0.9781842827796936]
[0.4411652088165283]
[0.9711951613426208]
[0.9644641280174255]
[0.11066759377717972]
[0.024057745933532715]
[0.9673734903335571]
[0.9692501425743103]
[0.947829008102417]
[0.9809880256652832]
[0.8915742635726929]
[0.9757106304168701]
[0.9804525375366211]
[0.9757698178291321]
[0.9468898773193359]
[0.07045140862464905]
[0.028172995895147324]
[0.656318187713623]
[0.05740794539451599]
[0.975023627281189]
[0.966187059879303]
[0.7003624439239502]
[0.7589659094810486]
[0.9703817963600159]
[0.9815977811813354]
[0.9637272953987122]
[0.9634135961532593]
[0.9176162481307983]
[0.9556478261947632]
[0.9400378465652466]
[0.9344463348388672]
[0.7056002616882324]
[0.17538784444332123]
[0.023431114852428436]
[0.03701217472553253]
[0.9396581053733826]
[0.9422459006309509]
[0.9780899286270142]
[0.13551189005374908]
[0.9783841371536255]
[0.8363758325576782]
[0.9774035215377808]
[0.9760036468505859]
[0.9723235964775085]
[0.9794696569442749]
[0.978036105632782]
[0.9753997921943665]
[0.9754658341407776]
[0.9760599732398987]
[0.9732027649879456]
[0.9776341319084167]
[0.9797037839889526]
[0.9775405526161194]
[0.9767162799835205]
[0.9764766097068787]
[0.973120927810669]
[0.9794659614562988]
[0.975519597530365]
[0.9780392050743103]
[0.021766673773527145]
[0.9756265878677368]
[0.21728560328483582]
[0.9436016082763672]
[0.9614713788032532]
[0.16028541326522827]
[0.972459077835083]
[0.8375012874603271]
[0.941562294960022]
[0.2701030969619751]
[0.6706295013427734]
[0.20290328562259674]
[0.48833101987838745]
[0.02735147438943386]
[0.027665041387081146]
[0.028012828901410103]
[0.9025682210922241]
[0.9728593230247498]
[0.9716691374778748]
[0.04403381049633026]
[0.9481862187385559]
[0.03721350058913231]
[0.0686175599694252]
[0.03202425688505173]
[0.03378414362668991]
[0.02396498993039131]
[0.6548050045967102]
[0.08413150906562805]
[0.9507078528404236]
[0.9759363532066345]
[0.9699668288230896]
[0.022009704262018204]
[0.025217726826667786]
[0.970840573310852]
[0.9722933769226074]
[0.967751681804657]
[0.02579275332391262]
[0.8400272727012634]
[0.037463463842868805]
[0.03408103436231613]
[0.03602439910173416]
[0.036352068185806274]
[0.9807088375091553]
[0.9718663692474365]
[0.9702814221382141]
[0.911496102809906]
[0.9642729759216309]
[0.9601373672485352]
[0.9724493622779846]
[0.19647115468978882]
[0.9701116681098938]
[0.9502673745155334]
[0.6273590922355652]
[0.9467926025390625]
[0.0937337800860405]
[0.5406545400619507]
[0.8753674626350403]
[0.34377923607826233]
[0.9673598408699036]
[0.34568944573402405]
[0.035695746541023254]
[0.9387044906616211]
[0.08307180553674698]
[0.031788166612386703]
[0.0959739238023758]
[0.2154412418603897]
[0.1525055170059204]
[0.02796577662229538]
[0.9603304862976074]
[0.7757996916770935]
[0.03209826722741127]
[0.02682478167116642]
[0.03530032932758331]
[0.026266921311616898]
[0.46391820907592773]
[0.1466827243566513]
[0.2462683767080307]
[0.09594952315092087]
[0.07131154835224152]
[0.06201016530394554]
[0.1857665330171585]
[0.0345952995121479]
[0.32210734486579895]
[0.09191565960645676]
[0.035767726600170135]
[0.029477523639798164]
[0.8510145545005798]
[0.9648888111114502]
[0.030963310971856117]
[0.03278208151459694]
[0.9796828627586365]
[0.9783953428268433]
[0.9796974062919617]
[0.026335259899497032]
[0.031000014394521713]
[0.0690169408917427]
[0.9227606058120728]
[0.9720078110694885]
[0.41550391912460327]
[0.05818704888224602]
[0.8952126502990723]
[0.019629376009106636]
[0.02323242276906967]
[0.03602219745516777]
[0.5862621068954468]
[0.9328295588493347]
[0.9364051818847656]
[0.2791188061237335]
[0.9607073068618774]
[0.9197951555252075]
[0.8725776076316833]
[0.8793089985847473]
[0.9788409471511841]
[0.9736281633377075]
[0.08280567079782486]
[0.9651327729225159]
[0.9451313614845276]
[0.2598181962966919]
[0.1750594824552536]
[0.9508839845657349]
[0.9700985550880432]
[0.30187439918518066]
[0.03094445914030075]
[0.032847028225660324]
[0.03562776744365692]
[0.9044238328933716]
[0.9726225733757019]
[0.029872968792915344]
[0.029268108308315277]
[0.06394924968481064]
[0.02569304220378399]
[0.015925070270895958]
[0.9022006988525391]
[0.028919992968440056]
[0.9112311601638794]
[0.030963880941271782]
[0.015496814623475075]
[0.8024493455886841]
[0.8500257134437561]
[0.9572323560714722]
[0.9722221493721008]
[0.6520043015480042]
[0.02256355807185173]
[0.023502951487898827]
[0.9791961312294006]
[0.9804855585098267]
[0.9795987606048584]
[0.8823376297950745]
[0.9791472554206848]
[0.9758802652359009]
[0.9539691209793091]
[0.05096082389354706]
