[0.07050884515047073]
[0.8895153403282166]
[0.9328479170799255]
[0.6772242784500122]
[0.9692364931106567]
[0.8570005297660828]
[0.9680522084236145]
[0.9768879413604736]
[0.9759820699691772]
[0.9739233255386353]
[0.9658647775650024]
[0.9772784113883972]
[0.9754560589790344]
[0.9768354892730713]
[0.9631273150444031]
[0.3525973856449127]
[0.18649432063102722]
[0.9576760530471802]
[0.20320899784564972]
[0.0481347031891346]
[0.06309431046247482]
[0.09538652747869492]
[0.9142134785652161]
[0.9472445249557495]
[0.33352312445640564]
[0.9744473695755005]
[0.9711313247680664]
[0.9685083031654358]
[0.8567845821380615]
[0.9567827582359314]
[0.9563489556312561]
[0.9736083745956421]
[0.5408162474632263]
[0.9611299633979797]
[0.978222131729126]
[0.9695857763290405]
[0.9159802794456482]
[0.9418326616287231]
[0.9622373580932617]
[0.9566875100135803]
[0.9343969821929932]
[0.923534095287323]
[0.9138981699943542]
[0.9669950008392334]
[0.9463927745819092]
[0.9647676944732666]
[0.9261289238929749]
[0.20941661298274994]
[0.05420748144388199]
[0.10818041861057281]
[0.21304920315742493]
[0.9779677391052246]
[0.9498779773712158]
[0.40817221999168396]
[0.09310391545295715]
[0.1591956615447998]
[0.06937464326620102]
[0.23988808691501617]
[0.5442493557929993]
[0.04716522991657257]
[0.05731886252760887]
[0.7625581622123718]
[0.4255404770374298]
[0.05173518508672714]
[0.41369444131851196]
[0.19406193494796753]
[0.927247941493988]
[0.9769996404647827]
[0.38182684779167175]
[0.9401811361312866]
[0.2847544550895691]
[0.09913367033004761]
[0.0905209556221962]
[0.9718921184539795]
[0.9561387896537781]
[0.1597205400466919]
[0.4075663387775421]
[0.9756419062614441]
[0.9669836163520813]
[0.661792516708374]
[0.9455984234809875]
[0.9803707599639893]
[0.9727990627288818]
[0.9778393507003784]
[0.9772540330886841]
[0.9812290668487549]
[0.968135416507721]
[0.972711443901062]
[0.9774773716926575]
[0.9747982621192932]
[0.9758890867233276]
[0.4250122010707855]
[0.912041962146759]
[0.15812088549137115]
[0.07067236304283142]
[0.9793297648429871]
[0.9792876243591309]
[0.9662538170814514]
[0.959275484085083]
[0.9770482778549194]
[0.9758886694908142]
[0.9440386891365051]
[0.8626662492752075]
[0.974631667137146]
[0.11984478682279587]
[0.10019050538539886]
[0.07697806507349014]
[0.9272845387458801]
[0.8888893723487854]
[0.37531453371047974]
[0.5256637930870056]
[0.3924890458583832]
[0.9224899411201477]
[0.9272805452346802]
[0.9330075979232788]
[0.8100278377532959]
[0.9625605344772339]
[0.7812499403953552]
[0.8202921152114868]
[0.7616676092147827]
[0.08226203173398972]
[0.06544110178947449]
[0.07677669823169708]
[0.07956112921237946]
[0.15053358674049377]
[0.09638851135969162]
[0.36166349053382874]
[0.07033977657556534]
[0.06169937923550606]
[0.27187207341194153]
[0.07173225283622742]
[0.0758948028087616]
[0.06526562571525574]
[0.059825193136930466]
[0.06522437930107117]
[0.05910715088248253]
[0.08930155634880066]
[0.09681162238121033]
[0.06927191466093063]
[0.0599345825612545]
[0.37563344836235046]
[0.06829078495502472]
[0.07824957370758057]
[0.07727227360010147]
[0.06732813268899918]
[0.055600233376026154]
[0.07712513953447342]
[0.0670081302523613]
[0.18003398180007935]
[0.06587982922792435]
[0.06214751675724983]
[0.08889593183994293]
[0.1754429191350937]
[0.059344809502363205]
[0.0939168706536293]
[0.977847695350647]
[0.9791412949562073]
[0.9760121703147888]
[0.9801446199417114]
[0.976321280002594]
[0.9750756621360779]
[0.9792203903198242]
[0.9774711728096008]
[0.977451503276825]
[0.9136321544647217]
[0.9660118222236633]
[0.9205042719841003]
[0.6989206075668335]
[0.8230284452438354]
[0.9546102285385132]
[0.9561869502067566]
[0.9657135605812073]
[0.16582739353179932]
[0.935161292552948]
[0.9174778461456299]
[0.953296959400177]
[0.9322757720947266]
[0.9636325240135193]
[0.9586837887763977]
[0.11835844069719315]
[0.11838220804929733]
[0.051217079162597656]
[0.9624575972557068]
[0.6163983941078186]
[0.09059029072523117]
[0.971227765083313]
[0.8620597124099731]
[0.28294458985328674]
[0.10616113990545273]
[0.07032094895839691]
[0.5009046196937561]
[0.9747424125671387]
[0.9786348342895508]
[0.9727584719657898]
[0.9777123928070068]
[0.9404245615005493]
[0.9761034846305847]
[0.9704381227493286]
[0.9601631164550781]
[0.08324887603521347]
[0.8739367723464966]
[0.8832967281341553]
[0.1714673489332199]
[0.6112263798713684]
[0.4466581344604492]
[0.9550643563270569]
[0.9743305444717407]
[0.971013605594635]
[0.9758223295211792]
[0.9740967154502869]
[0.7171721458435059]
[0.16135519742965698]
[0.5126309990882874]
[0.39514732360839844]
[0.08353040367364883]
[0.0767473354935646]
[0.24282041192054749]
[0.44047653675079346]
[0.5173628330230713]
[0.09322026371955872]
[0.7795222997665405]
[0.46140897274017334]
[0.9380937814712524]
[0.8959723114967346]
[0.9453401565551758]
[0.9718977808952332]
[0.9739988446235657]
[0.9649199843406677]
[0.9712989926338196]
[0.9693552255630493]
[0.9498637914657593]
[0.9679580330848694]
[0.9703114032745361]
[0.9736402630805969]
[0.9689244627952576]
[0.9767191410064697]
[0.9628899693489075]
[0.9530912637710571]
[0.8425670266151428]
[0.9219887852668762]
[0.9643481373786926]
[0.7977481484413147]
[0.8791707754135132]
[0.33487004041671753]
[0.31490248441696167]
[0.8185274600982666]
[0.8530048131942749]
[0.09549003839492798]
[0.2505508363246918]
[0.2833783030509949]
[0.8627541065216064]
[0.270465224981308]
[0.7172463536262512]
[0.9469707608222961]
[0.9655043482780457]
[0.9711129665374756]
[0.43543145060539246]
[0.9675977230072021]
[0.9603688716888428]
[0.9740346074104309]
[0.9629969000816345]
[0.9718424677848816]
[0.9739012718200684]
[0.955812394618988]
[0.8311925530433655]
[0.9770729541778564]
[0.9714065194129944]
[0.9673528075218201]
[0.892078161239624]
[0.9752816557884216]
[0.9671803712844849]
[0.909712553024292]
[0.9425271153450012]
[0.9698439240455627]
[0.9691573977470398]
[0.9414041638374329]
[0.9130054116249084]
[0.9670681357383728]
[0.9706399440765381]
[0.9703125357627869]
[0.9737478494644165]
[0.7245070934295654]
[0.536525547504425]
[0.9187085032463074]
[0.9763702750205994]
[0.9578841328620911]
[0.9472793936729431]
[0.9687645435333252]
[0.9619581699371338]
[0.9724640250205994]
[0.9740066528320312]
[0.9556257724761963]
[0.9575636386871338]
[0.9633471965789795]
[0.9716123938560486]
[0.9515364170074463]
[0.2934781610965729]
[0.7411776185035706]
[0.8887580633163452]
[0.5916447043418884]
[0.7609818577766418]
[0.9427509307861328]
[0.22586460411548615]
[0.9270607829093933]
[0.6316851377487183]
[0.11651647090911865]
[0.09318828582763672]
[0.20843710005283356]
[0.5592250823974609]
[0.8207592964172363]
[0.9453983306884766]
[0.2022516280412674]
[0.4185815155506134]
[0.7980469465255737]
[0.489629864692688]
[0.9326457977294922]
[0.11758870631456375]
[0.11450938880443573]
[0.1666913479566574]
[0.13442620635032654]
[0.8996474742889404]
[0.680293619632721]
[0.49129313230514526]
[0.2535538673400879]
[0.9543285369873047]
[0.9680612683296204]
[0.7695415616035461]
[0.6725143790245056]
[0.11165780574083328]
[0.19848400354385376]
[0.844034731388092]
[0.8821084499359131]
[0.44860079884529114]
[0.4756484925746918]
[0.2803793251514435]
[0.22135300934314728]
[0.8693288564682007]
[0.8678868412971497]
[0.9497108459472656]
[0.4936971664428711]
[0.9252274632453918]
[0.4389984905719757]
[0.8637963533401489]
[0.7913164496421814]
[0.9561023712158203]
[0.9613380432128906]
[0.9473136067390442]
[0.9519543051719666]
[0.9701647162437439]
[0.9520325064659119]
[0.959269642829895]
[0.9303078055381775]
[0.9711052179336548]
[0.9514670372009277]
[0.9743179678916931]
[0.9648077487945557]
[0.9608967900276184]
[0.9706240892410278]
[0.9724118709564209]
[0.9745775461196899]
[0.39199212193489075]
[0.4549804925918579]
[0.3150014281272888]
[0.8930759429931641]
[0.6574331521987915]
[0.3994859457015991]
[0.9480061531066895]
[0.6919599771499634]
[0.6164506673812866]
[0.3621786832809448]
[0.24759741127490997]
[0.3658405542373657]
[0.24539728462696075]
[0.0747930258512497]
[0.07099127769470215]
[0.24959498643875122]
[0.11673659831285477]
[0.1774105429649353]
[0.4091161787509918]
[0.12113644927740097]
[0.15326927602291107]
[0.07007519900798798]
[0.2520669400691986]
[0.10221786797046661]
[0.11490967869758606]
[0.13115191459655762]
[0.32424232363700867]
[0.18833644688129425]
[0.2606390714645386]
[0.9290235638618469]
[0.7782626152038574]
[0.1033027172088623]
[0.08607004582881927]
[0.7637553811073303]
[0.9557804465293884]
[0.525792121887207]
[0.12682488560676575]
[0.2336966097354889]
[0.11998318135738373]
[0.13018561899662018]
[0.1259331852197647]
[0.1260385364294052]
[0.9485766887664795]
[0.8832181096076965]
[0.8210560083389282]
[0.46216821670532227]
[0.9216289520263672]
[0.8996270895004272]
[0.6583654284477234]
[0.47999507188796997]
[0.9104321599006653]
[0.9294363260269165]
[0.8663910627365112]
[0.9311345815658569]
[0.3795740604400635]
[0.22759437561035156]
[0.15670254826545715]
[0.08250713348388672]
[0.7669745087623596]
[0.8590832948684692]
[0.27935898303985596]
[0.6660193204879761]
[0.08638232946395874]
[0.07287885993719101]
[0.18330596387386322]
[0.4296071529388428]
[0.2209714949131012]
[0.21019355952739716]
[0.7539751529693604]
[0.2172938883304596]
[0.1513778418302536]
[0.0749502182006836]
[0.13261760771274567]
[0.10779162496328354]
[0.17570477724075317]
[0.43180328607559204]
[0.7028465867042542]
[0.18214109539985657]
[0.13674414157867432]
[0.504389762878418]
[0.37881800532341003]
[0.13621316850185394]
[0.3083142638206482]
[0.41852137446403503]
[0.10392385721206665]
[0.14382949471473694]
[0.8476440906524658]
[0.9096347689628601]
[0.2751852571964264]
[0.4434118866920471]
[0.9621203541755676]
[0.9525561928749084]
[0.9471308588981628]
[0.07013940066099167]
[0.19103288650512695]
[0.42491209506988525]
[0.33393123745918274]
[0.9420731067657471]
[0.3325998783111572]
[0.1436348557472229]
[0.6922119855880737]
[0.1402646005153656]
[0.10023888200521469]
[0.21348054707050323]
[0.10307381302118301]
[0.917334258556366]
[0.9256150722503662]
[0.25091972947120667]
[0.9029066562652588]
[0.7911261320114136]
[0.8462417125701904]
[0.887876570224762]
[0.9236098527908325]
[0.9001350402832031]
[0.41170960664749146]
[0.9369798302650452]
[0.8352617621421814]
[0.13896504044532776]
[0.9539544582366943]
[0.6804054975509644]
[0.9419677257537842]
[0.5070495009422302]
[0.0812942385673523]
[0.07713498920202255]
[0.07974898815155029]
[0.6610856056213379]
[0.776886522769928]
[0.06894863396883011]
[0.08409181237220764]
[0.07496749609708786]
[0.05209733173251152]
[0.0645371600985527]
[0.1869031935930252]
[0.10654672980308533]
[0.10686179250478745]
[0.22033746540546417]
[0.06950772553682327]
[0.31352686882019043]
[0.6940256953239441]
[0.9272052049636841]
[0.9121377468109131]
[0.16242851316928864]
[0.07781355082988739]
[0.08587857335805893]
[0.9707359671592712]
[0.9564973711967468]
[0.9252136945724487]
[0.45431023836135864]
[0.7112311124801636]
[0.9133662581443787]
[0.9515718221664429]
[0.12406085431575775]
