[0.005452218931168318]
[0.9950827360153198]
[0.9971690773963928]
[0.6995882987976074]
[0.9974187612533569]
[0.9964892864227295]
[0.9973784685134888]
[0.9971200227737427]
[0.9965084195137024]
[0.9973869919776917]
[0.9974725842475891]
[0.9975340366363525]
[0.997073769569397]
[0.9970744848251343]
[0.9971036314964294]
[0.9936943650245667]
[0.9599111676216125]
[0.09084516763687134]
[0.9926589131355286]
[0.004576984792947769]
[0.005381350871175528]
[0.008270910009741783]
[0.9956461787223816]
[0.9974976181983948]
[0.9967215657234192]
[0.9967328310012817]
[0.9972856044769287]
[0.9976134300231934]
[0.996890127658844]
[0.9971697926521301]
[0.9972625970840454]
[0.9967048764228821]
[0.9950281977653503]
[0.9969145059585571]
[0.9973053932189941]
[0.9965621829032898]
[0.9966652989387512]
[0.9881997108459473]
[0.996635377407074]
[0.9968957901000977]
[0.997051477432251]
[0.9971715807914734]
[0.9967533946037292]
[0.9930443167686462]
[0.9948855042457581]
[0.9971871972084045]
[0.9972148537635803]
[0.993190348148346]
[0.00407652510330081]
[0.0082034170627594]
[0.009340045973658562]
[0.9973452687263489]
[0.9965655207633972]
[0.9466589093208313]
[0.00690191937610507]
[0.014873546548187733]
[0.0071952491998672485]
[0.9934763312339783]
[0.03278756141662598]
[0.004087572917342186]
[0.005114658270031214]
[0.9930999279022217]
[0.29765036702156067]
[0.004117645788937807]
[0.9409574270248413]
[0.009119412861764431]
[0.9974047541618347]
[0.9970922470092773]
[0.05155207961797714]
[0.9957593083381653]
[0.05138329789042473]
[0.01183275319635868]
[0.00439794547855854]
[0.996075451374054]
[0.990561306476593]
[0.004890213254839182]
[0.011018776334822178]
[0.9973000884056091]
[0.9968652129173279]
[0.0075582824647426605]
[0.9962021708488464]
[0.997454822063446]
[0.9970245957374573]
[0.9972699284553528]
[0.9975125789642334]
[0.9959748387336731]
[0.9970812201499939]
[0.9969266057014465]
[0.9974563717842102]
[0.9967473745346069]
[0.9969821572303772]
[0.00966216903179884]
[0.11316511034965515]
[0.0053730495274066925]
[0.0038235157262533903]
[0.9965469241142273]
[0.9970104694366455]
[0.9973993301391602]
[0.9974428415298462]
[0.9976640939712524]
[0.9974626302719116]
[0.9962387084960938]
[0.9947764873504639]
[0.995680570602417]
[0.004045354202389717]
[0.004397243726998568]
[0.004312531556934118]
[0.9960511326789856]
[0.017570700496435165]
[0.011135971173644066]
[0.04061931371688843]
[0.0049989414401352406]
[0.9972947239875793]
[0.9966926574707031]
[0.9966404438018799]
[0.9941045641899109]
[0.9972971081733704]
[0.17890462279319763]
[0.9954783320426941]
[0.9933879375457764]
[0.005047056823968887]
[0.004180985502898693]
[0.004273900296539068]
[0.004129253327846527]
[0.0039030693005770445]
[0.004117870703339577]
[0.9945875406265259]
[0.00451744394376874]
[0.0037193913012742996]
[0.007515762001276016]
[0.00394586194306612]
[0.00387895037420094]
[0.0036796308122575283]
[0.0037704186979681253]
[0.003912738058716059]
[0.003803130006417632]
[0.003909674473106861]
[0.0036849684547632933]
[0.0037571911234408617]
[0.0036033017095178366]
[0.991712212562561]
[0.003899981966242194]
[0.004183147568255663]
[0.0037729765754193068]
[0.003950456622987986]
[0.005886805709451437]
[0.003775610588490963]
[0.004910685122013092]
[0.006108932662755251]
[0.0038955386262387037]
[0.004031139425933361]
[0.0043051461689174175]
[0.00739494152367115]
[0.003700471483170986]
[0.004429014865309]
[0.9976972937583923]
[0.997680127620697]
[0.9975928664207458]
[0.9972568154335022]
[0.9968288540840149]
[0.9971837401390076]
[0.9974833130836487]
[0.9970968961715698]
[0.9974672794342041]
[0.9965628981590271]
[0.9969329833984375]
[0.9955097436904907]
[0.9803676605224609]
[0.995819091796875]
[0.9962822794914246]
[0.9969243407249451]
[0.9974197149276733]
[0.9961424469947815]
[0.9936670660972595]
[0.9914246797561646]
[0.9962459206581116]
[0.9941258430480957]
[0.9973026514053345]
[0.9971357583999634]
[0.005389242898672819]
[0.005037869792431593]
[0.003607402555644512]
[0.997046172618866]
[0.2712322473526001]
[0.005348884500563145]
[0.9966837763786316]
[0.9800096154212952]
[0.08472375571727753]
[0.004104144871234894]
[0.004442694131284952]
[0.9652642607688904]
[0.996990442276001]
[0.9973909258842468]
[0.997162401676178]
[0.9975704550743103]
[0.9816762208938599]
[0.9973234534263611]
[0.9966765642166138]
[0.9963900446891785]
[0.005937187001109123]
[0.9947556257247925]
[0.9949164390563965]
[0.011385712772607803]
[0.9800621867179871]
[0.9943296313285828]
[0.9956287145614624]
[0.9940699338912964]
[0.9962013363838196]
[0.9968838095664978]
[0.9958546161651611]
[0.976100742816925]
[0.005986941512674093]
[0.07494096457958221]
[0.00944774691015482]
[0.004315083380788565]
[0.003963676281273365]
[0.19304101169109344]
[0.9963839054107666]
[0.7353631258010864]
[0.004706223029643297]
[0.032491255551576614]
[0.006171436049044132]
[0.9773419499397278]
[0.9967986345291138]
[0.9972357153892517]
[0.9969710111618042]
[0.9970791339874268]
[0.9950461387634277]
[0.9967566132545471]
[0.9966534972190857]
[0.9960506558418274]
[0.9974011182785034]
[0.9970111846923828]
[0.9972800016403198]
[0.9962211847305298]
[0.9963350296020508]
[0.996393620967865]
[0.9960688352584839]
[0.9969354867935181]
[0.9098744988441467]
[0.9511682987213135]
[0.9793157577514648]
[0.976784884929657]
[0.015318742021918297]
[0.02899937517940998]
[0.9846353530883789]
[0.9956088662147522]
[0.005366949830204248]
[0.01712111011147499]
[0.01089494675397873]
[0.9953728318214417]
[0.9873239994049072]
[0.02212044782936573]
[0.994868278503418]
[0.9967447519302368]
[0.9974046349525452]
[0.2926298677921295]
[0.9975480437278748]
[0.9966110587120056]
[0.9974996447563171]
[0.9959942102432251]
[0.9973701238632202]
[0.99755859375]
[0.9970058798789978]
[0.9971809387207031]
[0.9972681999206543]
[0.9962846040725708]
[0.9964652061462402]
[0.9962673783302307]
[0.9968628883361816]
[0.9962643980979919]
[0.9952396154403687]
[0.9097315073013306]
[0.9974344372749329]
[0.9967297315597534]
[0.9850656390190125]
[0.9937219023704529]
[0.9965607523918152]
[0.9968035221099854]
[0.9963585734367371]
[0.9961973428726196]
[0.9937566518783569]
[0.9454514980316162]
[0.9973568916320801]
[0.9971862435340881]
[0.9974414110183716]
[0.9961990714073181]
[0.9945394396781921]
[0.9975398778915405]
[0.9972158670425415]
[0.9944775700569153]
[0.9965808987617493]
[0.9969778060913086]
[0.9619920253753662]
[0.9947064518928528]
[0.9971139430999756]
[0.9953798055648804]
[0.9963388442993164]
[0.995704710483551]
[0.9959362745285034]
[0.9965167045593262]
[0.9972917437553406]
[0.6029501557350159]
[0.9945521950721741]
[0.9635446071624756]
[0.011774280108511448]
[0.008553258143365383]
[0.997248113155365]
[0.1317865252494812]
[0.6991099715232849]
[0.9974874258041382]
[0.9138519763946533]
[0.9033122062683105]
[0.9889496564865112]
[0.08037878572940826]
[0.9942243695259094]
[0.6151519417762756]
[0.006428474094718695]
[0.07509472221136093]
[0.141060471534729]
[0.996084451675415]
[0.9919129610061646]
[0.9007349014282227]
[0.914702832698822]
[0.9787874817848206]
[0.9976117610931396]
[0.6719629168510437]
[0.9290361404418945]
[0.09006240963935852]
[0.9332479238510132]
[0.9750746488571167]
[0.8655596971511841]
[0.013328200206160545]
[0.9793244004249573]
[0.9871187210083008]
[0.1681794375181198]
[0.9513460397720337]
[0.9946103096008301]
[0.9970183372497559]
[0.9929983615875244]
[0.052806269377470016]
[0.987795352935791]
[0.9945659637451172]
[0.9954484105110168]
[0.9965439438819885]
[0.9966942071914673]
[0.9967781901359558]
[0.9849116802215576]
[0.9970011115074158]
[0.9965540170669556]
[0.9962992072105408]
[0.9968900084495544]
[0.9970303773880005]
[0.9943931102752686]
[0.9963447451591492]
[0.9967383742332458]
[0.9463316202163696]
[0.9966714382171631]
[0.9944177865982056]
[0.9950790405273438]
[0.5227949023246765]
[0.2937031388282776]
[0.9824557304382324]
[0.9923795461654663]
[0.9960081577301025]
[0.9877685904502869]
[0.9963120818138123]
[0.9897552132606506]
[0.9951004385948181]
[0.9910281300544739]
[0.940097451210022]
[0.33008742332458496]
[0.02530481293797493]
[0.006259479559957981]
[0.006259292829781771]
[0.12019748985767365]
[0.010927294380962849]
[0.02275729924440384]
[0.06012094393372536]
[0.0311166699975729]
[0.012977328151464462]
[0.004050459712743759]
[0.021458927541971207]
[0.004263330716639757]
[0.008247876539826393]
[0.010607106611132622]
[0.032503578811883926]
[0.017435172572731972]
[0.9739966988563538]
[0.9967185854911804]
[0.9969567060470581]
[0.03332103416323662]
[0.026705874130129814]
[0.9885872602462769]
[0.9959706664085388]
[0.8702743053436279]
[0.01833583414554596]
[0.01623578742146492]
[0.007089110556989908]
[0.007909408770501614]
[0.007200268562883139]
[0.009026695974171162]
[0.9970807433128357]
[0.7936007976531982]
[0.9946830868721008]
[0.9952599406242371]
[0.9960728883743286]
[0.9957311749458313]
[0.9750270247459412]
[0.9934939742088318]
[0.997038722038269]
[0.9960393905639648]
[0.9949073195457458]
[0.990068256855011]
[0.014041171409189701]
[0.15502981841564178]
[0.6476046442985535]
[0.008797876536846161]
[0.9903934597969055]
[0.9750390648841858]
[0.012461700476706028]
[0.9884412288665771]
[0.004495419096201658]
[0.0042901914566755295]
[0.025733107700943947]
[0.9468410015106201]
[0.117466501891613]
[0.013633353635668755]
[0.9962756633758545]
[0.053020257502794266]
[0.007637145929038525]
[0.00519901467487216]
[0.005626048427075148]
[0.004467489197850227]
[0.014439022168517113]
[0.019282063469290733]
[0.06486917287111282]
[0.2568607032299042]
[0.3285706043243408]
[0.42111173272132874]
[0.6564236879348755]
[0.005073252134025097]
[0.04131641611456871]
[0.9135568737983704]
[0.02302796207368374]
[0.009756762534379959]
[0.9957244396209717]
[0.9945241212844849]
[0.0061337766237556934]
[0.07804670929908752]
[0.997105062007904]
[0.996936559677124]
[0.9968642592430115]
[0.00503896689042449]
[0.004176506772637367]
[0.08764555305242538]
[0.9031792879104614]
[0.9958347082138062]
[0.8208494186401367]
[0.015324613079428673]
[0.9182085394859314]
[0.004976465366780758]
[0.003979709930717945]
[0.6618621945381165]
[0.019820090383291245]
[0.9956310987472534]
[0.03986194729804993]
[0.01967817172408104]
[0.994475781917572]
[0.9958593249320984]
[0.9962062835693359]
[0.9858986139297485]
[0.9930320978164673]
[0.9958993792533875]
[0.9705138206481934]
[0.9961627721786499]
[0.9957311749458313]
[0.007212669122964144]
[0.9780608415603638]
[0.018403002992272377]
[0.9894565939903259]
[0.04906967654824257]
[0.0037092347629368305]
[0.005927519407123327]
[0.006260008085519075]
[0.8002490401268005]
[0.5139400959014893]
[0.00374325062148273]
[0.004237484652549028]
[0.00396667281165719]
[0.004204235505312681]
[0.004691898822784424]
[0.004718301817774773]
[0.004503725562244654]
[0.005117991007864475]
[0.004724455066025257]
[0.0035880492068827152]
[0.016456956043839455]
[0.3891742527484894]
[0.9968373775482178]
[0.9949707388877869]
[0.005626822356134653]
[0.007451302371919155]
[0.0059507074765861034]
[0.9963033199310303]
[0.9962524771690369]
[0.9803142547607422]
[0.9801055788993835]
[0.9838782548904419]
[0.98387211561203]
[0.9965575933456421]
[0.0046418216079473495]
