[0.030121024698019028]
[0.9343722462654114]
[0.9232379198074341]
[0.9151715636253357]
[0.9668553471565247]
[0.9498893618583679]
[0.9704859852790833]
[0.9684286117553711]
[0.9631385207176208]
[0.9716066718101501]
[0.9686669111251831]
[0.9722540378570557]
[0.9713006615638733]
[0.9711851477622986]
[0.9663494229316711]
[0.9553016424179077]
[0.9366682767868042]
[0.9718941450119019]
[0.9454846978187561]
[0.03831929340958595]
[0.027703208848834038]
[0.03164427727460861]
[0.9635663032531738]
[0.9651978611946106]
[0.9144888520240784]
[0.9688323736190796]
[0.9673355221748352]
[0.9716658592224121]
[0.9639040231704712]
[0.9706386923789978]
[0.970574140548706]
[0.9719704985618591]
[0.9634288549423218]
[0.971794605255127]
[0.9720169305801392]
[0.9727779626846313]
[0.9708361625671387]
[0.9688752293586731]
[0.9650066494941711]
[0.9703214168548584]
[0.973058819770813]
[0.9660683274269104]
[0.9652664065361023]
[0.9729028940200806]
[0.9716629385948181]
[0.9726576209068298]
[0.9638493061065674]
[0.9624889492988586]
[0.039380643516778946]
[0.03677433729171753]
[0.0314536988735199]
[0.9704543948173523]
[0.9583971500396729]
[0.9401702284812927]
[0.035763539373874664]
[0.03548142686486244]
[0.0436752624809742]
[0.022740714251995087]
[0.028106754645705223]
[0.04505139961838722]
[0.0381428487598896]
[0.0483044870197773]
[0.4946458041667938]
[0.0321979857981205]
[0.03176043927669525]
[0.033666543662548065]
[0.958274781703949]
[0.9697614312171936]
[0.0332876481115818]
[0.9665080904960632]
[0.4223586916923523]
[0.7041431069374084]
[0.9654498100280762]
[0.9695333242416382]
[0.10086342692375183]
[0.041490718722343445]
[0.9678719639778137]
[0.9733940958976746]
[0.9734771251678467]
[0.9543653726577759]
[0.973189115524292]
[0.9730043411254883]
[0.9735633134841919]
[0.973025918006897]
[0.9718483090400696]
[0.9740691781044006]
[0.9750932455062866]
[0.9716487526893616]
[0.9734926819801331]
[0.9740093946456909]
[0.9738563895225525]
[0.21007677912712097]
[0.6852536797523499]
[0.033235907554626465]
[0.04041540250182152]
[0.9496504664421082]
[0.9664366245269775]
[0.973915159702301]
[0.973418116569519]
[0.9734508991241455]
[0.9741705656051636]
[0.9726506471633911]
[0.96047443151474]
[0.9680078625679016]
[0.17191840708255768]
[0.03940447419881821]
[0.032680317759513855]
[0.8894222378730774]
[0.49657371640205383]
[0.9580807089805603]
[0.8621047735214233]
[0.040984995663166046]
[0.9283646941184998]
[0.9598707556724548]
[0.9666182398796082]
[0.861707866191864]
[0.9505009651184082]
[0.4206407368183136]
[0.44404393434524536]
[0.3786643147468567]
[0.019486600533127785]
[0.028244279325008392]
[0.02451954036951065]
[0.029143525287508965]
[0.022798169404268265]
[0.027123674750328064]
[0.9087647795677185]
[0.0253888089209795]
[0.03049822337925434]
[0.1666060835123062]
[0.031043583527207375]
[0.025866812095046043]
[0.02918323129415512]
[0.028169410303235054]
[0.027322733774781227]
[0.027214009314775467]
[0.02497897297143936]
[0.019779708236455917]
[0.028703853487968445]
[0.027312178164720535]
[0.5591444969177246]
[0.03089298866689205]
[0.030095556750893593]
[0.030534444376826286]
[0.027659349143505096]
[0.035048071295022964]
[0.027588210999965668]
[0.01906636171042919]
[0.05410664156079292]
[0.029794182628393173]
[0.02781268022954464]
[0.11277195811271667]
[0.01756209321320057]
[0.027395470067858696]
[0.028587069362401962]
[0.9758315682411194]
[0.9762067198753357]
[0.9758775234222412]
[0.9757857918739319]
[0.9760437607765198]
[0.9769182801246643]
[0.9748927354812622]
[0.9755792617797852]
[0.971560537815094]
[0.9717661738395691]
[0.9750201106071472]
[0.8645427227020264]
[0.9209274053573608]
[0.9107223749160767]
[0.900754451751709]
[0.9585667252540588]
[0.9717929363250732]
[0.05393785238265991]
[0.9729247689247131]
[0.9712370038032532]
[0.969632089138031]
[0.9751647710800171]
[0.9753942489624023]
[0.9760437607765198]
[0.04912419617176056]
[0.052504923194646835]
[0.052533362060785294]
[0.9655995965003967]
[0.9426596164703369]
[0.04560116305947304]
[0.9693922996520996]
[0.3690604269504547]
[0.0513986274600029]
[0.05047137290239334]
[0.0522659532725811]
[0.8075210452079773]
[0.9731652140617371]
[0.973157525062561]
[0.9732942581176758]
[0.9739555716514587]
[0.9728527665138245]
[0.9732738137245178]
[0.9704016447067261]
[0.9449145197868347]
[0.030663318932056427]
[0.9628627896308899]
[0.9709061980247498]
[0.6665976643562317]
[0.9341731071472168]
[0.9552761912345886]
[0.9703099727630615]
[0.9684832692146301]
[0.969070553779602]
[0.9699435234069824]
[0.9707217216491699]
[0.9437240958213806]
[0.7813066840171814]
[0.9495529532432556]
[0.9568142890930176]
[0.039633676409721375]
[0.040079571306705475]
[0.7703663110733032]
[0.9160550236701965]
[0.9629838466644287]
[0.0314941368997097]
[0.11688129603862762]
[0.7737034559249878]
[0.9571551084518433]
[0.9669296741485596]
[0.9707423448562622]
[0.9710056185722351]
[0.9718741178512573]
[0.9683175086975098]
[0.9711359143257141]
[0.9653406143188477]
[0.962130606174469]
[0.9433977603912354]
[0.9671880602836609]
[0.9685368537902832]
[0.9548964500427246]
[0.9664439558982849]
[0.9253411293029785]
[0.8519619107246399]
[0.968603253364563]
[0.7078737616539001]
[0.9221414923667908]
[0.8801568150520325]
[0.8953167796134949]
[0.04030854254961014]
[0.3958601653575897]
[0.41848045587539673]
[0.9253780245780945]
[0.8699513077735901]
[0.3884326219558716]
[0.5512056350708008]
[0.9653574824333191]
[0.9708313345909119]
[0.11313701421022415]
[0.9736618399620056]
[0.9760643243789673]
[0.9731552600860596]
[0.9578688144683838]
[0.9742267727851868]
[0.9755162000656128]
[0.9710114598274231]
[0.9726845026016235]
[0.9697362184524536]
[0.9753036499023438]
[0.9742184281349182]
[0.9721279740333557]
[0.9737575650215149]
[0.9744551777839661]
[0.9699838161468506]
[0.9704256653785706]
[0.9757407307624817]
[0.9742113947868347]
[0.9720081090927124]
[0.9580163955688477]
[0.9759801626205444]
[0.9739752411842346]
[0.9735711216926575]
[0.9723129868507385]
[0.9751229286193848]
[0.9751059412956238]
[0.9748663306236267]
[0.9745652079582214]
[0.9621062278747559]
[0.9689366817474365]
[0.9706538319587708]
[0.974818766117096]
[0.9678727984428406]
[0.9758486747741699]
[0.9735644459724426]
[0.9730662107467651]
[0.9752843379974365]
[0.9739047884941101]
[0.9752330780029297]
[0.9737998843193054]
[0.9738079905509949]
[0.9746639728546143]
[0.974918782711029]
[0.9480956196784973]
[0.960294783115387]
[0.9718372821807861]
[0.9688865542411804]
[0.9604030847549438]
[0.9713364243507385]
[0.689091145992279]
[0.9705274105072021]
[0.9641880989074707]
[0.07324493676424026]
[0.03760232776403427]
[0.9671955704689026]
[0.9617535471916199]
[0.956464946269989]
[0.9753856062889099]
[0.9029391407966614]
[0.9658107161521912]
[0.9728259444236755]
[0.9663019180297852]
[0.9538560509681702]
[0.10288122296333313]
[0.038016196340322495]
[0.5898687839508057]
[0.19938591122627258]
[0.9691076278686523]
[0.9622464776039124]
[0.9212852716445923]
[0.7819413542747498]
[0.9694947004318237]
[0.9747854471206665]
[0.96622234582901]
[0.9658558964729309]
[0.9391549229621887]
[0.9552648663520813]
[0.9503844380378723]
[0.9581547975540161]
[0.3807823657989502]
[0.20758524537086487]
[0.14722438156604767]
[0.025611914694309235]
[0.8213512301445007]
[0.9329554438591003]
[0.9684321880340576]
[0.32230544090270996]
[0.9687766432762146]
[0.9354268908500671]
[0.9619494676589966]
[0.9642583727836609]
[0.9688428044319153]
[0.9680255055427551]
[0.9688395261764526]
[0.9650357365608215]
[0.9673915505409241]
[0.967143714427948]
[0.9655507206916809]
[0.967578113079071]
[0.9705161452293396]
[0.9646996855735779]
[0.9678618907928467]
[0.9669973254203796]
[0.9648310542106628]
[0.9674030542373657]
[0.9674935340881348]
[0.9697629809379578]
[0.031199276447296143]
[0.9650273323059082]
[0.19390150904655457]
[0.8653322458267212]
[0.8886979222297668]
[0.34680208563804626]
[0.9495416283607483]
[0.8436914682388306]
[0.9157592058181763]
[0.20528241991996765]
[0.8734499216079712]
[0.18616104125976562]
[0.05876382812857628]
[0.03433133661746979]
[0.03531080484390259]
[0.03823505714535713]
[0.9150066375732422]
[0.8713783025741577]
[0.9340392351150513]
[0.024890122935175896]
[0.39309147000312805]
[0.043024029582738876]
[0.02953048050403595]
[0.04177949205040932]
[0.035431377589702606]
[0.03495922312140465]
[0.929162859916687]
[0.026093225926160812]
[0.5221682190895081]
[0.9645240902900696]
[0.9471846222877502]
[0.03596206381917]
[0.037423063069581985]
[0.951010525226593]
[0.9642994999885559]
[0.9544867277145386]
[0.033296581357717514]
[0.9327496290206909]
[0.04651781544089317]
[0.043412260711193085]
[0.04066844657063484]
[0.04169659689068794]
[0.9711816906929016]
[0.9643370509147644]
[0.9665524363517761]
[0.9108208417892456]
[0.9519174695014954]
[0.9629942178726196]
[0.9593322277069092]
[0.05202043056488037]
[0.9511837959289551]
[0.9565898180007935]
[0.8273947834968567]
[0.8943164944648743]
[0.2825617790222168]
[0.6900380253791809]
[0.5687717199325562]
[0.07636511325836182]
[0.9402368664741516]
[0.7965686321258545]
[0.04269002377986908]
[0.9059603214263916]
[0.029793284833431244]
[0.04758740961551666]
[0.17330244183540344]
[0.7955537438392639]
[0.03634613752365112]
[0.03876800090074539]
[0.922258734703064]
[0.08694625645875931]
[0.04085342213511467]
[0.04390811175107956]
[0.047525689005851746]
[0.026470590382814407]
[0.31494441628456116]
[0.035238008946180344]
[0.4424910843372345]
[0.024473300203680992]
[0.14972904324531555]
[0.041819073259830475]
[0.7934011220932007]
[0.03613637387752533]
[0.7750673294067383]
[0.09343778342008591]
[0.043334126472473145]
[0.04171966761350632]
[0.9348151087760925]
[0.9577178955078125]
[0.03757306560873985]
[0.03758655861020088]
[0.97054123878479]
[0.9644991755485535]
[0.9632827043533325]
[0.02990620769560337]
[0.04133234918117523]
[0.02687714993953705]
[0.9202993512153625]
[0.9611191153526306]
[0.7671844959259033]
[0.07491042464971542]
[0.9112882614135742]
[0.026666877791285515]
[0.027930380776524544]
[0.08806661516427994]
[0.5914483070373535]
[0.9297506213188171]
[0.9505510330200195]
[0.19284823536872864]
[0.9380186796188354]
[0.9342727661132812]
[0.92646723985672]
[0.9248917102813721]
[0.9629380702972412]
[0.9603558778762817]
[0.23810233175754547]
[0.9593232870101929]
[0.9485628604888916]
[0.03792048245668411]
[0.7184234857559204]
[0.9094163179397583]
[0.9596162438392639]
[0.5918551683425903]
[0.042529795318841934]
[0.04025189206004143]
[0.0451967716217041]
[0.9104700684547424]
[0.96412593126297]
[0.029640069231390953]
[0.02827824279665947]
[0.02845674380660057]
[0.026781074702739716]
[0.018573373556137085]
[0.05873580276966095]
[0.029430178925395012]
[0.47480690479278564]
[0.03065253421664238]
[0.019659340381622314]
[0.9010046124458313]
[0.9380224347114563]
[0.965544581413269]
[0.9659067988395691]
[0.11586903035640717]
[0.03078594245016575]
[0.03158818557858467]
[0.9687013626098633]
[0.9682960510253906]
[0.9681317806243896]
[0.8350792527198792]
[0.9690645933151245]
[0.9618580937385559]
[0.9519254565238953]
[0.05548315495252609]
