[0.23562398552894592]
[0.9400396347045898]
[0.8417245745658875]
[0.6670023798942566]
[0.9527963995933533]
[0.35092148184776306]
[0.9708254933357239]
[0.9650444984436035]
[0.9475564360618591]
[0.9732636213302612]
[0.9649081230163574]
[0.9750921130180359]
[0.9711918234825134]
[0.9755433201789856]
[0.9728521108627319]
[0.5890763998031616]
[0.321255087852478]
[0.9658981561660767]
[0.3181939721107483]
[0.23504959046840668]
[0.25644293427467346]
[0.2961393892765045]
[0.6651726365089417]
[0.9515351057052612]
[0.6753376126289368]
[0.9673274159431458]
[0.9691869616508484]
[0.9716533422470093]
[0.945348858833313]
[0.963934600353241]
[0.9612708687782288]
[0.9746547937393188]
[0.7627520561218262]
[0.9687604308128357]
[0.9756980538368225]
[0.9695836305618286]
[0.9681422710418701]
[0.9467888474464417]
[0.9573941230773926]
[0.9669607877731323]
[0.9680019617080688]
[0.9671611189842224]
[0.9651399850845337]
[0.9726935029029846]
[0.9663673639297485]
[0.968683123588562]
[0.9642948508262634]
[0.9336992502212524]
[0.2534158527851105]
[0.2961720824241638]
[0.2962663173675537]
[0.9722941517829895]
[0.9627293348312378]
[0.8810893893241882]
[0.29303237795829773]
[0.27337342500686646]
[0.27252376079559326]
[0.3257203996181488]
[0.33780667185783386]
[0.2543265223503113]
[0.2542531192302704]
[0.3474828600883484]
[0.4188511371612549]
[0.2295302301645279]
[0.3324147164821625]
[0.3297581076622009]
[0.9652323126792908]
[0.9718050956726074]
[0.3176010251045227]
[0.9167072176933289]
[0.3261660039424896]
[0.3024396598339081]
[0.9383047819137573]
[0.9687848091125488]
[0.7062686085700989]
[0.2939419746398926]
[0.9283104538917542]
[0.9729615449905396]
[0.9657343626022339]
[0.928740382194519]
[0.9711522459983826]
[0.9745464324951172]
[0.9753479957580566]
[0.973680853843689]
[0.9743064641952515]
[0.9728022217750549]
[0.9712101221084595]
[0.9747684597969055]
[0.9734745025634766]
[0.9752649664878845]
[0.9760413765907288]
[0.5638355016708374]
[0.9505357146263123]
[0.2852765917778015]
[0.2870672941207886]
[0.9496985077857971]
[0.9610839486122131]
[0.9730654954910278]
[0.9728389382362366]
[0.9735161066055298]
[0.9659955501556396]
[0.9477940797805786]
[0.9554612636566162]
[0.9706253409385681]
[0.2689027488231659]
[0.2991026043891907]
[0.27036675810813904]
[0.9611510038375854]
[0.8419169783592224]
[0.947848379611969]
[0.9431290030479431]
[0.3197105824947357]
[0.9638676643371582]
[0.969866156578064]
[0.9661130309104919]
[0.5684553384780884]
[0.931878387928009]
[0.41417956352233887]
[0.37556567788124084]
[0.34662890434265137]
[0.2667066752910614]
[0.2578582763671875]
[0.23832258582115173]
[0.25577080249786377]
[0.27184605598449707]
[0.27475690841674805]
[0.3542841374874115]
[0.2473795861005783]
[0.2652658522129059]
[0.30613112449645996]
[0.2680599093437195]
[0.26749512553215027]
[0.24217864871025085]
[0.2666190564632416]
[0.23884563148021698]
[0.2612307369709015]
[0.25617775321006775]
[0.2543764114379883]
[0.26530927419662476]
[0.25752726197242737]
[0.512242317199707]
[0.2584711015224457]
[0.2594587504863739]
[0.24277065694332123]
[0.2638119161128998]
[0.2459416687488556]
[0.24959148466587067]
[0.27304139733314514]
[0.2867536246776581]
[0.24495884776115417]
[0.2393842190504074]
[0.34990236163139343]
[0.279300332069397]
[0.25261396169662476]
[0.2264697551727295]
[0.975676953792572]
[0.9750373363494873]
[0.9754964113235474]
[0.9758083820343018]
[0.9739631414413452]
[0.974043071269989]
[0.9758658409118652]
[0.9757128357887268]
[0.9722413420677185]
[0.9522945880889893]
[0.9206278324127197]
[0.8783937096595764]
[0.33177533745765686]
[0.5693037509918213]
[0.8705703616142273]
[0.9318345189094543]
[0.9675537943840027]
[0.28830763697624207]
[0.9351609349250793]
[0.9436503648757935]
[0.9556858539581299]
[0.963101327419281]
[0.97069251537323]
[0.9695833325386047]
[0.2767595946788788]
[0.28777632117271423]
[0.277922660112381]
[0.9471009969711304]
[0.8950884938240051]
[0.2851012945175171]
[0.9589588642120361]
[0.9373757243156433]
[0.4191063344478607]
[0.28375059366226196]
[0.26055917143821716]
[0.3465037941932678]
[0.9714178442955017]
[0.9731771349906921]
[0.9735240936279297]
[0.9733331799507141]
[0.963863730430603]
[0.9718430638313293]
[0.9728665351867676]
[0.9690602421760559]
[0.21668365597724915]
[0.9716688990592957]
[0.961682915687561]
[0.3536521792411804]
[0.8247851729393005]
[0.9538024663925171]
[0.9734956622123718]
[0.9739024043083191]
[0.9733187556266785]
[0.9728366732597351]
[0.9722956418991089]
[0.9515092372894287]
[0.7831917405128479]
[0.679279088973999]
[0.9480988383293152]
[0.27264678478240967]
[0.2833162546157837]
[0.3381696939468384]
[0.4569619596004486]
[0.8841726779937744]
[0.29508382081985474]
[0.32203322649002075]
[0.3864753246307373]
[0.9670084714889526]
[0.9588099122047424]
[0.9647836089134216]
[0.966135561466217]
[0.9738650918006897]
[0.973159909248352]
[0.969692587852478]
[0.9711769819259644]
[0.9676713943481445]
[0.9649632573127747]
[0.9742946624755859]
[0.9754085540771484]
[0.9739747643470764]
[0.957321286201477]
[0.9676441550254822]
[0.9404016137123108]
[0.9640770554542542]
[0.9098410606384277]
[0.9387176632881165]
[0.4784339368343353]
[0.752492368221283]
[0.30371570587158203]
[0.4586050808429718]
[0.8445800542831421]
[0.7221350073814392]
[0.3157248795032501]
[0.31836292147636414]
[0.4820058345794678]
[0.9546874761581421]
[0.9140875339508057]
[0.5374853014945984]
[0.9724884033203125]
[0.9727863669395447]
[0.9686855673789978]
[0.9531375169754028]
[0.9724817276000977]
[0.9680328965187073]
[0.9754440188407898]
[0.975288450717926]
[0.9768473505973816]
[0.9706208109855652]
[0.9759683609008789]
[0.9231145977973938]
[0.9749622941017151]
[0.9771562814712524]
[0.9642603397369385]
[0.96234530210495]
[0.9766654372215271]
[0.9685018658638]
[0.9511398077011108]
[0.9618801474571228]
[0.973818838596344]
[0.9719602465629578]
[0.9740812182426453]
[0.9695696234703064]
[0.9743831753730774]
[0.9752787947654724]
[0.9748674631118774]
[0.9695284366607666]
[0.871271550655365]
[0.5569035410881042]
[0.9660242795944214]
[0.9766061305999756]
[0.9642863869667053]
[0.9722275733947754]
[0.9606658220291138]
[0.9657801389694214]
[0.9740698933601379]
[0.9659277200698853]
[0.9756174683570862]
[0.9542727470397949]
[0.9727820754051208]
[0.9749932885169983]
[0.9715251922607422]
[0.3708805739879608]
[0.9237105250358582]
[0.9586811661720276]
[0.9229252338409424]
[0.9401637315750122]
[0.9293876886367798]
[0.7608818411827087]
[0.8953617215156555]
[0.9407506585121155]
[0.383878231048584]
[0.33551785349845886]
[0.763900637626648]
[0.8563557863235474]
[0.9217568635940552]
[0.9710798263549805]
[0.7341279983520508]
[0.8635038137435913]
[0.9702117443084717]
[0.958102822303772]
[0.9481040835380554]
[0.7280903458595276]
[0.5340304970741272]
[0.4503416121006012]
[0.7934443354606628]
[0.8986397385597229]
[0.8965258598327637]
[0.6603837609291077]
[0.453063428401947]
[0.9703671932220459]
[0.9737721681594849]
[0.5991203188896179]
[0.9304093718528748]
[0.42964088916778564]
[0.9039232730865479]
[0.9046322703361511]
[0.9315525889396667]
[0.41710907220840454]
[0.3997466266155243]
[0.35332003235816956]
[0.29696986079216003]
[0.5806612372398376]
[0.7518446445465088]
[0.9737848043441772]
[0.738247275352478]
[0.9102679491043091]
[0.8951488137245178]
[0.9662116765975952]
[0.9686238765716553]
[0.9746866822242737]
[0.9735828638076782]
[0.9655197262763977]
[0.9746238589286804]
[0.9737007021903992]
[0.9728412628173828]
[0.9724901914596558]
[0.9678648114204407]
[0.9754628539085388]
[0.9696104526519775]
[0.9757753610610962]
[0.9590314626693726]
[0.9338743090629578]
[0.969200074672699]
[0.9718170166015625]
[0.9743303060531616]
[0.7032572031021118]
[0.908229649066925]
[0.47028788924217224]
[0.9599148035049438]
[0.9358450174331665]
[0.5237409472465515]
[0.9691938161849976]
[0.9327625632286072]
[0.9020183086395264]
[0.40444350242614746]
[0.904295802116394]
[0.3533228933811188]
[0.2843344211578369]
[0.26390358805656433]
[0.2653454542160034]
[0.2993928790092468]
[0.679912805557251]
[0.3250780403614044]
[0.3076845109462738]
[0.30145007371902466]
[0.3245398998260498]
[0.23523162305355072]
[0.28393369913101196]
[0.2570738196372986]
[0.28419530391693115]
[0.27410683035850525]
[0.7129889130592346]
[0.35905665159225464]
[0.33855947852134705]
[0.9676938652992249]
[0.673203706741333]
[0.28600990772247314]
[0.262286901473999]
[0.9384809136390686]
[0.9718731045722961]
[0.8362189531326294]
[0.29054006934165955]
[0.30055010318756104]
[0.27984994649887085]
[0.2863430380821228]
[0.2682332992553711]
[0.26720839738845825]
[0.9759646058082581]
[0.9425150156021118]
[0.9668977856636047]
[0.9188917875289917]
[0.9498831629753113]
[0.9693501591682434]
[0.8999666571617126]
[0.32048192620277405]
[0.5074257254600525]
[0.8643918037414551]
[0.4746609926223755]
[0.9582058191299438]
[0.2951863408088684]
[0.3477003574371338]
[0.2947688400745392]
[0.2751096785068512]
[0.6000784039497375]
[0.7455832362174988]
[0.2939433157444]
[0.5041469931602478]
[0.2688010632991791]
[0.24652251601219177]
[0.30445265769958496]
[0.40916693210601807]
[0.3396904170513153]
[0.27402836084365845]
[0.3472355604171753]
[0.2942180633544922]
[0.289720356464386]
[0.2771230638027191]
[0.2820841073989868]
[0.2826727032661438]
[0.29283156991004944]
[0.2925163209438324]
[0.5038878321647644]
[0.30759483575820923]
[0.40170586109161377]
[0.3805617392063141]
[0.3303486108779907]
[0.2782493829727173]
[0.30946993827819824]
[0.33139151334762573]
[0.27891796827316284]
[0.3163022994995117]
[0.6295666694641113]
[0.9554733633995056]
[0.3109309673309326]
[0.31290870904922485]
[0.9731994867324829]
[0.9708922505378723]
[0.963074266910553]
[0.26085197925567627]
[0.27776670455932617]
[0.31439176201820374]
[0.46768495440483093]
[0.9697045087814331]
[0.310758113861084]
[0.30008235573768616]
[0.6725477576255798]
[0.26362377405166626]
[0.2610248327255249]
[0.3129386305809021]
[0.2971416711807251]
[0.8923478722572327]
[0.816092848777771]
[0.35913464426994324]
[0.9724367260932922]
[0.6080198884010315]
[0.9165008664131165]
[0.8931945562362671]
[0.9693952202796936]
[0.9167362451553345]
[0.7163103818893433]
[0.9680527448654175]
[0.9614036083221436]
[0.3012521266937256]
[0.968748927116394]
[0.9311028122901917]
[0.9686408638954163]
[0.29466208815574646]
[0.26090681552886963]
[0.27736034989356995]
[0.2858273386955261]
[0.7767713069915771]
[0.9432693123817444]
[0.25119107961654663]
[0.2718502879142761]
[0.2937006652355194]
[0.234837144613266]
[0.27403706312179565]
[0.3320058286190033]
[0.3118046522140503]
[0.31828662753105164]
[0.3447768986225128]
[0.2876819670200348]
[0.5736798048019409]
[0.6660158634185791]
[0.9687504768371582]
[0.9696123600006104]
[0.3042207956314087]
[0.2817191183567047]
[0.2918849587440491]
[0.971756100654602]
[0.9709276556968689]
[0.9440617561340332]
[0.8037281036376953]
[0.9616460800170898]
[0.9538570642471313]
[0.9704495072364807]
[0.27205532789230347]
