[0.06260333955287933]
[0.9466958045959473]
[0.9803336262702942]
[0.3856580853462219]
[0.9840959310531616]
[0.9495508074760437]
[0.9808897972106934]
[0.9853797554969788]
[0.9853942394256592]
[0.9851994514465332]
[0.982265830039978]
[0.9854226112365723]
[0.9846363067626953]
[0.9850605130195618]
[0.9852676391601562]
[0.9502991437911987]
[0.25016477704048157]
[0.9826571345329285]
[0.06649173051118851]
[0.05581970140337944]
[0.05727950483560562]
[0.060712821781635284]
[0.982631266117096]
[0.9829429388046265]
[0.08489996194839478]
[0.9858267903327942]
[0.9850406050682068]
[0.9846000075340271]
[0.9677876234054565]
[0.9823811650276184]
[0.9835172891616821]
[0.9861640334129333]
[0.8159090876579285]
[0.9852746725082397]
[0.9867421984672546]
[0.9847887754440308]
[0.9621942639350891]
[0.9784100651741028]
[0.981166660785675]
[0.9831081032752991]
[0.9796977639198303]
[0.9774860143661499]
[0.9641817808151245]
[0.9849920272827148]
[0.9835808277130127]
[0.9842520356178284]
[0.9803940057754517]
[0.07902579754590988]
[0.05475695803761482]
[0.059597041457891464]
[0.06808536499738693]
[0.9860702157020569]
[0.983666181564331]
[0.8637164831161499]
[0.06520962715148926]
[0.0607866495847702]
[0.058407384902238846]
[0.08053015917539597]
[0.06647130101919174]
[0.05470307543873787]
[0.056037627160549164]
[0.6250575184822083]
[0.11290501803159714]
[0.05430857092142105]
[0.49245738983154297]
[0.07381561398506165]
[0.9764301180839539]
[0.9858812093734741]
[0.08233234286308289]
[0.9829215407371521]
[0.12078150361776352]
[0.07575757056474686]
[0.0672643706202507]
[0.9859703183174133]
[0.9842451214790344]
[0.1477413773536682]
[0.6202464699745178]
[0.9858449697494507]
[0.985928475856781]
[0.6700790524482727]
[0.9777024984359741]
[0.9867988228797913]
[0.9861881136894226]
[0.9866610169410706]
[0.9859906435012817]
[0.9869208335876465]
[0.9854636788368225]
[0.9850186705589294]
[0.9863444566726685]
[0.9853045344352722]
[0.9862889051437378]
[0.9536851644515991]
[0.9828109741210938]
[0.652241051197052]
[0.06439091265201569]
[0.9859285950660706]
[0.9861944913864136]
[0.9862468242645264]
[0.984837532043457]
[0.9868682622909546]
[0.9862145781517029]
[0.9840816259384155]
[0.9723193049430847]
[0.9823430180549622]
[0.06527342647314072]
[0.08424016088247299]
[0.06336164474487305]
[0.9816848635673523]
[0.9795754551887512]
[0.09314002096652985]
[0.5248103737831116]
[0.07359565049409866]
[0.4553891122341156]
[0.9531151056289673]
[0.940852701663971]
[0.22860801219940186]
[0.9589434266090393]
[0.26218101382255554]
[0.8281940221786499]
[0.10009429603815079]
[0.059288207441568375]
[0.05761899799108505]
[0.05674063414335251]
[0.05715680494904518]
[0.05934230983257294]
[0.0584852509200573]
[0.10304311662912369]
[0.05742940306663513]
[0.056957315653562546]
[0.07610711455345154]
[0.05720072612166405]
[0.05665242671966553]
[0.05656350031495094]
[0.05683160200715065]
[0.05707724392414093]
[0.056170567870140076]
[0.05685527250170708]
[0.05676915496587753]
[0.05755190923810005]
[0.05651356652379036]
[0.12100432068109512]
[0.057815179228782654]
[0.059004995971918106]
[0.05980720371007919]
[0.05674315243959427]
[0.05691080912947655]
[0.05784919485449791]
[0.058351580053567886]
[0.062084123492240906]
[0.05723820626735687]
[0.05682019889354706]
[0.05725122615695]
[0.06384280323982239]
[0.05730323866009712]
[0.05707666650414467]
[0.9857630729675293]
[0.9859681129455566]
[0.9833714365959167]
[0.9859949946403503]
[0.986659049987793]
[0.9856245517730713]
[0.985808253288269]
[0.9860747456550598]
[0.9852157831192017]
[0.9811237454414368]
[0.9857519268989563]
[0.9829450249671936]
[0.948550283908844]
[0.9506136178970337]
[0.9839267134666443]
[0.9817094206809998]
[0.9848863482475281]
[0.10698731243610382]
[0.982444703578949]
[0.9760968089103699]
[0.9835678339004517]
[0.9778941869735718]
[0.9844781160354614]
[0.983053982257843]
[0.06725919246673584]
[0.06891005486249924]
[0.05930139869451523]
[0.9833568334579468]
[0.967066764831543]
[0.07295551151037216]
[0.9832791090011597]
[0.982016384601593]
[0.07263007760047913]
[0.06316705793142319]
[0.061116840690374374]
[0.9734331369400024]
[0.9857731461524963]
[0.9868589639663696]
[0.9858115911483765]
[0.9864051938056946]
[0.9806357026100159]
[0.9865543842315674]
[0.9852902889251709]
[0.9833138585090637]
[0.05662122741341591]
[0.8505077958106995]
[0.969087541103363]
[0.06434973329305649]
[0.1085580512881279]
[0.0777486264705658]
[0.9815767407417297]
[0.9845224618911743]
[0.9840318560600281]
[0.9845519661903381]
[0.9845655560493469]
[0.6643419861793518]
[0.06012025475502014]
[0.09974511712789536]
[0.07275798916816711]
[0.056063227355480194]
[0.05521087720990181]
[0.07326558977365494]
[0.15760909020900726]
[0.17435584962368011]
[0.06284962594509125]
[0.9748357534408569]
[0.13649395108222961]
[0.9706518054008484]
[0.8369295001029968]
[0.9746188521385193]
[0.9837068319320679]
[0.9819372296333313]
[0.9805353283882141]
[0.9855538010597229]
[0.9844344258308411]
[0.9820622801780701]
[0.9833161234855652]
[0.9844275116920471]
[0.983877420425415]
[0.9833167195320129]
[0.9844285249710083]
[0.9831750988960266]
[0.9822105169296265]
[0.8800986409187317]
[0.9807372689247131]
[0.9849199056625366]
[0.8024928569793701]
[0.325324684381485]
[0.1241733655333519]
[0.07806732505559921]
[0.9738010764122009]
[0.6374295353889465]
[0.06010232865810394]
[0.11051923781633377]
[0.13490797579288483]
[0.9771710634231567]
[0.08177589625120163]
[0.23248068988323212]
[0.9561243653297424]
[0.9763575196266174]
[0.9855335354804993]
[0.6158757209777832]
[0.9850251078605652]
[0.9840973019599915]
[0.9861319065093994]
[0.9852660298347473]
[0.9862931966781616]
[0.9853282570838928]
[0.9839937686920166]
[0.4966389238834381]
[0.9858875870704651]
[0.9857557415962219]
[0.9848929643630981]
[0.526200532913208]
[0.9860187768936157]
[0.9852144122123718]
[0.9596513509750366]
[0.9388962388038635]
[0.9853658676147461]
[0.9825840592384338]
[0.9815546870231628]
[0.981988787651062]
[0.9853563904762268]
[0.9856770038604736]
[0.9846131801605225]
[0.9856166839599609]
[0.6990214586257935]
[0.19651243090629578]
[0.9729902148246765]
[0.986088216304779]
[0.9674739837646484]
[0.9847266674041748]
[0.9841098189353943]
[0.9855338335037231]
[0.9840403199195862]
[0.9855925440788269]
[0.9847339987754822]
[0.9755476117134094]
[0.9778488278388977]
[0.9859155416488647]
[0.9803333878517151]
[0.0693892315030098]
[0.16627810895442963]
[0.38860493898391724]
[0.6439463496208191]
[0.38012948632240295]
[0.9672145247459412]
[0.06768882274627686]
[0.8281930685043335]
[0.0961640328168869]
[0.06309958547353745]
[0.06523850560188293]
[0.07128214091062546]
[0.2574278712272644]
[0.46615275740623474]
[0.9832187294960022]
[0.06473134458065033]
[0.07851677387952805]
[0.8818010687828064]
[0.16555848717689514]
[0.9784172177314758]
[0.1333700567483902]
[0.10500901192426682]
[0.08026893436908722]
[0.27102863788604736]
[0.9786730408668518]
[0.08301641792058945]
[0.07979635149240494]
[0.06855137646198273]
[0.9820412397384644]
[0.9847198724746704]
[0.12712036073207855]
[0.1531755030155182]
[0.21525689959526062]
[0.14193792641162872]
[0.9594408273696899]
[0.9588642716407776]
[0.08464015275239944]
[0.09265433996915817]
[0.08167297393083572]
[0.07482888549566269]
[0.950092613697052]
[0.9735086560249329]
[0.7051777243614197]
[0.38114216923713684]
[0.9762527346611023]
[0.5000492930412292]
[0.5944136381149292]
[0.2453743815422058]
[0.9775930643081665]
[0.9846478700637817]
[0.973476231098175]
[0.9823243618011475]
[0.9850149750709534]
[0.9797428250312805]
[0.9817743301391602]
[0.9805517196655273]
[0.9858490228652954]
[0.9833870530128479]
[0.9851455688476562]
[0.9836133718490601]
[0.9817970991134644]
[0.9858355522155762]
[0.9863297343254089]
[0.9863558411598206]
[0.0696936845779419]
[0.7113088965415955]
[0.07477843761444092]
[0.9634944796562195]
[0.07502639293670654]
[0.0959622785449028]
[0.9834972620010376]
[0.8201709389686584]
[0.4747953414916992]
[0.19607752561569214]
[0.07469651103019714]
[0.09341248124837875]
[0.15729586780071259]
[0.06082483381032944]
[0.06055479869246483]
[0.0803663581609726]
[0.06741761416196823]
[0.07625755667686462]
[0.17596431076526642]
[0.07064837962388992]
[0.06727824360132217]
[0.06040806323289871]
[0.09327028691768646]
[0.061374545097351074]
[0.06294885277748108]
[0.06473001837730408]
[0.136260524392128]
[0.07248343527317047]
[0.1059693768620491]
[0.39324405789375305]
[0.9141200184822083]
[0.06348427385091782]
[0.059918951243162155]
[0.09442327916622162]
[0.9842323064804077]
[0.6780689358711243]
[0.06600851565599442]
[0.06410512328147888]
[0.06444787234067917]
[0.06589095294475555]
[0.06764595955610275]
[0.06830058246850967]
[0.9818717837333679]
[0.20249143242835999]
[0.9177768230438232]
[0.1371002495288849]
[0.9754989147186279]
[0.8994625210762024]
[0.9389733672142029]
[0.08638046681880951]
[0.9811413288116455]
[0.9471580982208252]
[0.9646024107933044]
[0.9800777435302734]
[0.0686396136879921]
[0.0771610289812088]
[0.08233100920915604]
[0.06282203644514084]
[0.9133172631263733]
[0.9095314145088196]
[0.06950028985738754]
[0.8464392423629761]
[0.06406515836715698]
[0.06060973182320595]
[0.07428877800703049]
[0.1746031939983368]
[0.0774640142917633]
[0.07355030626058578]
[0.22633394598960876]
[0.07991277426481247]
[0.06576617807149887]
[0.06121039763092995]
[0.06252268701791763]
[0.061437178403139114]
[0.11006294190883636]
[0.07885769009590149]
[0.26013579964637756]
[0.09659669548273087]
[0.07393411546945572]
[0.16151733696460724]
[0.2683869004249573]
[0.06428853422403336]
[0.11219367384910583]
[0.49050864577293396]
[0.06624656915664673]
[0.06566774100065231]
[0.8865435719490051]
[0.9587386250495911]
[0.0936146229505539]
[0.10998018085956573]
[0.9816903471946716]
[0.9718129634857178]
[0.9654175639152527]
[0.06308207660913467]
[0.062799833714962]
[0.19997906684875488]
[0.07565328478813171]
[0.6488927006721497]
[0.32097408175468445]
[0.0652061328291893]
[0.23218132555484772]
[0.06528385728597641]
[0.062265172600746155]
[0.07213495671749115]
[0.06231953203678131]
[0.9665207862854004]
[0.9158055782318115]
[0.07971259951591492]
[0.9817567467689514]
[0.9399887323379517]
[0.9524866342544556]
[0.8354764580726624]
[0.980680525302887]
[0.9484276175498962]
[0.06749051809310913]
[0.9754056930541992]
[0.45407015085220337]
[0.0650949478149414]
[0.9834859371185303]
[0.07711618393659592]
[0.9697262048721313]
[0.1070697158575058]
[0.06163705512881279]
[0.06607259064912796]
[0.06358318775892258]
[0.2725335359573364]
[0.26776188611984253]
[0.05496886000037193]
[0.05625048652291298]
[0.057260554283857346]
[0.05612733215093613]
[0.05704004690051079]
[0.06377273052930832]
[0.059812031686306]
[0.05646353214979172]
[0.09829320013523102]
[0.0553395077586174]
[0.07102907449007034]
[0.5060433149337769]
[0.9138487577438354]
[0.9646392464637756]
[0.0774640291929245]
[0.05575250834226608]
[0.055900320410728455]
[0.9859439134597778]
[0.9841501116752625]
[0.9769458174705505]
[0.09225843846797943]
[0.2902853190898895]
[0.9758820533752441]
[0.9794889688491821]
[0.065837062895298]
