[0.017556218430399895]
[0.9944981932640076]
[0.9961736798286438]
[0.9858535528182983]
[0.9969143867492676]
[0.018240448087453842]
[0.9973171353340149]
[0.9974095225334167]
[0.9916058778762817]
[0.9952889680862427]
[0.9968212842941284]
[0.997480571269989]
[0.9974935054779053]
[0.997465968132019]
[0.996582567691803]
[0.9675795435905457]
[0.01737126149237156]
[0.994280219078064]
[0.024107307195663452]
[0.015834582969546318]
[0.015021675266325474]
[0.015063655562698841]
[0.9863887429237366]
[0.9970216155052185]
[0.9766526222229004]
[0.9964888095855713]
[0.9968317151069641]
[0.9976589679718018]
[0.996116042137146]
[0.9929646253585815]
[0.9974699020385742]
[0.9969303011894226]
[0.981122612953186]
[0.9946112632751465]
[0.9971068501472473]
[0.9971019625663757]
[0.9972659349441528]
[0.9908366203308105]
[0.9955146908760071]
[0.9966837763786316]
[0.9957466721534729]
[0.9968639612197876]
[0.9963412880897522]
[0.9970815777778625]
[0.9967184662818909]
[0.9970417618751526]
[0.9968035221099854]
[0.9920945763587952]
[0.015401959419250488]
[0.014809905551373959]
[0.015244626440107822]
[0.9966905117034912]
[0.9953123331069946]
[0.995425283908844]
[0.015221543610095978]
[0.016096310690045357]
[0.015417732298374176]
[0.016398264095187187]
[0.027044113725423813]
[0.015631582587957382]
[0.015285325236618519]
[0.025952428579330444]
[0.9343950152397156]
[0.015264245681464672]
[0.01628141663968563]
[0.01515901554375887]
[0.997109591960907]
[0.9966863989830017]
[0.015078829601407051]
[0.9925563931465149]
[0.01591889187693596]
[0.016506999731063843]
[0.9372234344482422]
[0.9894281029701233]
[0.01611166261136532]
[0.014871989376842976]
[0.9945374131202698]
[0.9966097474098206]
[0.9950259327888489]
[0.015993837267160416]
[0.9969183206558228]
[0.9975378513336182]
[0.9972018003463745]
[0.9974300265312195]
[0.9971785545349121]
[0.9966151118278503]
[0.9972072243690491]
[0.9972947239875793]
[0.9974339604377747]
[0.9973401427268982]
[0.997124969959259]
[0.015281585976481438]
[0.019217904657125473]
[0.01523104589432478]
[0.015640728175640106]
[0.9835907816886902]
[0.9938045740127563]
[0.9972102046012878]
[0.9971356391906738]
[0.997317373752594]
[0.9972476363182068]
[0.9967226386070251]
[0.9928025603294373]
[0.9954468607902527]
[0.015744054690003395]
[0.01579326018691063]
[0.015076017938554287]
[0.9918615818023682]
[0.6742217540740967]
[0.23062469065189362]
[0.9739946722984314]
[0.015251671895384789]
[0.9952377080917358]
[0.9964554309844971]
[0.9961483478546143]
[0.9895184636116028]
[0.992842435836792]
[0.015825683251023293]
[0.016637079417705536]
[0.015352433547377586]
[0.015131340362131596]
[0.01507190614938736]
[0.016053110361099243]
[0.015825891867280006]
[0.01523104589432478]
[0.01500120759010315]
[0.40686309337615967]
[0.015167194418609142]
[0.01550331525504589]
[0.01546263787895441]
[0.015112435445189476]
[0.015248808078467846]
[0.01516144908964634]
[0.015407354570925236]
[0.015244053676724434]
[0.015147372148931026]
[0.014777234755456448]
[0.014627775177359581]
[0.01472750585526228]
[0.015136939473450184]
[0.9758824110031128]
[0.015385821461677551]
[0.015240347012877464]
[0.015348512679338455]
[0.01516440324485302]
[0.015398084186017513]
[0.015297889709472656]
[0.01506839506328106]
[0.014815311878919601]
[0.0156067730858922]
[0.01574011519551277]
[0.01639515720307827]
[0.01509091630578041]
[0.01545347273349762]
[0.017260409891605377]
[0.9975500702857971]
[0.9975051283836365]
[0.9975971579551697]
[0.997271716594696]
[0.9974676370620728]
[0.9975810050964355]
[0.9976919889450073]
[0.9975919723510742]
[0.9975530505180359]
[0.9958683252334595]
[0.978139340877533]
[0.9953174591064453]
[0.016140306368470192]
[0.9926621913909912]
[0.9892464280128479]
[0.9950679540634155]
[0.997347354888916]
[0.01581883616745472]
[0.9935203194618225]
[0.9964451193809509]
[0.9952625036239624]
[0.9960806965827942]
[0.9970808625221252]
[0.9972073435783386]
[0.015004540793597698]
[0.015308252535760403]
[0.014948587864637375]
[0.9965794682502747]
[0.9915026426315308]
[0.015296409837901592]
[0.9972890615463257]
[0.11427978426218033]
[0.019798096269369125]
[0.015406791120767593]
[0.01505142729729414]
[0.9889438152313232]
[0.996918797492981]
[0.997374415397644]
[0.9968474507331848]
[0.9975515007972717]
[0.9965881109237671]
[0.9973885416984558]
[0.9967952370643616]
[0.9934230446815491]
[0.01791858673095703]
[0.9959819316864014]
[0.9966166615486145]
[0.3844449520111084]
[0.9842007756233215]
[0.9940025210380554]
[0.9968308806419373]
[0.9971689581871033]
[0.9970473647117615]
[0.9971121549606323]
[0.9967396855354309]
[0.9915884137153625]
[0.9901618957519531]
[0.990645170211792]
[0.9869612455368042]
[0.01501326635479927]
[0.014942999929189682]
[0.020007990300655365]
[0.964034378528595]
[0.29254150390625]
[0.015614554286003113]
[0.01667243428528309]
[0.01692323386669159]
[0.9936006665229797]
[0.9962180256843567]
[0.9963488578796387]
[0.9971062541007996]
[0.9976379871368408]
[0.9967844486236572]
[0.9969432950019836]
[0.9968307614326477]
[0.9966933727264404]
[0.9965325593948364]
[0.9972400665283203]
[0.9973239898681641]
[0.9967589974403381]
[0.9971312284469604]
[0.9924081563949585]
[0.9937831163406372]
[0.99644535779953]
[0.018473604694008827]
[0.9934005737304688]
[0.9915193915367126]
[0.9934191107749939]
[0.01518669631332159]
[0.9553079605102539]
[0.8734725117683411]
[0.9891018271446228]
[0.01632184349000454]
[0.01564946584403515]
[0.0171571746468544]
[0.9965835213661194]
[0.9863063097000122]
[0.01985137350857258]
[0.9956399202346802]
[0.9972236156463623]
[0.9971908926963806]
[0.9761507511138916]
[0.9975770115852356]
[0.9966785907745361]
[0.9951987862586975]
[0.9957707524299622]
[0.9946282505989075]
[0.9974021911621094]
[0.9962150454521179]
[0.9962913990020752]
[0.9977276921272278]
[0.9971840977668762]
[0.9872487187385559]
[0.9962751865386963]
[0.9969426989555359]
[0.9966946840286255]
[0.9961119294166565]
[0.9559459090232849]
[0.9975246787071228]
[0.9967299699783325]
[0.994802713394165]
[0.9916349649429321]
[0.9963394403457642]
[0.9969747066497803]
[0.9961336851119995]
[0.989988386631012]
[0.9859748482704163]
[0.9674662947654724]
[0.9962483048439026]
[0.9966217279434204]
[0.996874213218689]
[0.9959059953689575]
[0.9963945746421814]
[0.996775209903717]
[0.9971254467964172]
[0.9962743520736694]
[0.99600750207901]
[0.9968079924583435]
[0.9963016510009766]
[0.9967087507247925]
[0.9971892237663269]
[0.017382830381393433]
[0.9821532368659973]
[0.9927073121070862]
[0.9522492289543152]
[0.9919551014900208]
[0.9961991906166077]
[0.9847375750541687]
[0.4781510829925537]
[0.9903349876403809]
[0.0172918438911438]
[0.01587553508579731]
[0.9950382113456726]
[0.9795092344284058]
[0.9910906553268433]
[0.9975599050521851]
[0.6953204870223999]
[0.9957442879676819]
[0.9965446591377258]
[0.994576096534729]
[0.9922850131988525]
[0.9569525718688965]
[0.9918237328529358]
[0.6972746849060059]
[0.9929123520851135]
[0.9927865862846375]
[0.9324741959571838]
[0.017914636060595512]
[0.05045972019433975]
[0.993285596370697]
[0.9976986050605774]
[0.2044840157032013]
[0.9921355247497559]
[0.015447262674570084]
[0.9841665029525757]
[0.9924375414848328]
[0.9917863011360168]
[0.024066036567091942]
[0.01597508043050766]
[0.01943199150264263]
[0.016025161370635033]
[0.9003105759620667]
[0.9616526961326599]
[0.996982753276825]
[0.9913344979286194]
[0.026423126459121704]
[0.985775351524353]
[0.9962707757949829]
[0.9944831728935242]
[0.9966919422149658]
[0.9964866638183594]
[0.9946866035461426]
[0.9947900772094727]
[0.9967040419578552]
[0.9965288043022156]
[0.9962469935417175]
[0.9963317513465881]
[0.9971691966056824]
[0.9929277300834656]
[0.9972795844078064]
[0.9958462119102478]
[0.9931080341339111]
[0.9967308044433594]
[0.9961352348327637]
[0.996720016002655]
[0.015582053922116756]
[0.9804273247718811]
[0.01689702458679676]
[0.9789776802062988]
[0.9800429344177246]
[0.9662443995475769]
[0.9951592087745667]
[0.9388713240623474]
[0.9568535685539246]
[0.018293332308530807]
[0.9937100410461426]
[0.015239551663398743]
[0.016858089715242386]
[0.015005265362560749]
[0.014906377531588078]
[0.015198496170341969]
[0.018331589177250862]
[0.9850021004676819]
[0.9931627511978149]
[0.015447422862052917]
[0.9454243183135986]
[0.015891261398792267]
[0.016370145604014397]
[0.015037176199257374]
[0.0151511924341321]
[0.014712582342326641]
[0.036123305559158325]
[0.1951705813407898]
[0.9747640490531921]
[0.9962369203567505]
[0.9879576563835144]
[0.015296231023967266]
[0.014887218363583088]
[0.9924658536911011]
[0.9947742819786072]
[0.8592697381973267]
[0.0229092575609684]
[0.015839116647839546]
[0.015258820727467537]
[0.015365255065262318]
[0.015125458128750324]
[0.015040665864944458]
[0.9971452355384827]
[0.9936376214027405]
[0.9686292409896851]
[0.9862481951713562]
[0.9893239140510559]
[0.9890350103378296]
[0.9712352156639099]
[0.9487808346748352]
[0.9931986927986145]
[0.9851519465446472]
[0.994474470615387]
[0.9951727986335754]
[0.01837446168065071]
[0.031177066266536713]
[0.9800700545310974]
[0.01554945670068264]
[0.9706319570541382]
[0.019838398322463036]
[0.0155000239610672]
[0.02157069370150566]
[0.015200652182102203]
[0.015281335450708866]
[0.01579689234495163]
[0.01674940623342991]
[0.0156562402844429]
[0.015094269998371601]
[0.01952432282269001]
[0.016418011859059334]
[0.014630435965955257]
[0.01516480278223753]
[0.015981512144207954]
[0.01557796448469162]
[0.015260109677910805]
[0.015462719835340977]
[0.018547262996435165]
[0.01942753978073597]
[0.9350914359092712]
[0.016572626307606697]
[0.015333456918597221]
[0.015024397522211075]
[0.016586199402809143]
[0.015611652284860611]
[0.015225718729197979]
[0.015832189470529556]
[0.019624779000878334]
[0.9909260272979736]
[0.015094823203980923]
[0.01594405435025692]
[0.9965081810951233]
[0.9957988858222961]
[0.9961550831794739]
[0.015113593079149723]
[0.015383553691208363]
[0.015343057923018932]
[0.9844006896018982]
[0.9956077933311462]
[0.015846194699406624]
[0.015477019362151623]
[0.018176361918449402]
[0.01484996359795332]
[0.014869865030050278]
[0.01795647107064724]
[0.014941245317459106]
[0.988927960395813]
[0.3822367787361145]
[0.015401208773255348]
[0.9932617545127869]
[0.9696626663208008]
[0.9932798743247986]
[0.9737012982368469]
[0.9942571520805359]
[0.9905571937561035]
[0.9410439729690552]
[0.99604332447052]
[0.9953806400299072]
[0.016334449872374535]
[0.9933298230171204]
[0.9720821380615234]
[0.9960415363311768]
[0.07003022730350494]
[0.01569804921746254]
[0.015269228257238865]
[0.015125798061490059]
[0.9732740521430969]
[0.9954590797424316]
[0.015117262490093708]
[0.016156775876879692]
[0.016185162588953972]
[0.01625446416437626]
[0.04947742819786072]
[0.9826961755752563]
[0.015268970280885696]
[0.9913653135299683]
[0.015153462998569012]
[0.015161542221903801]
[0.9872270226478577]
[0.8069080710411072]
[0.9959397315979004]
[0.9953623414039612]
[0.017215365543961525]
[0.015476263128221035]
[0.018952755257487297]
[0.9953900575637817]
[0.9956877827644348]
[0.9807131290435791]
[0.5157917141914368]
[0.9911784529685974]
[0.98945552110672]
[0.9942153096199036]
[0.014613273553550243]
